31.605865
-0.005341
-0.001675
-0.001790
-0.003613
-0.003452
-0.008411
-0.008425
0.005538
0.001896
-0.004830
0.001037
0.000111
0.000453
-0.005238
-0.006007
-0.002121
-0.000128
-0.004391
0.002410
0.007919
0.003688
0.005506
0.002448
-0.003574
-0.001063
-0.001129
-0.001161
0.001023
-0.005087
0.003803
-0.000081
0.001814
-0.002625
0.000443
0.003242
0.000906
0.003021
-0.000240
-0.004607
-0.001027
0.001361
0.003123
-0.005246
0.000246
0.002449
-0.004153
0.000513
0.001807
0.000296
-0.001252
0.004120
-0.000696
-0.003363
-0.002597
0.001402
0.001613
-0.001835
0.001588
-0.004313
-0.002265
-0.000674
0.001807
-0.004943
-0.001807
-0.002439
-0.000366
-0.003459
0.003181
-0.002173
-0.002067
-0.001312
0.005274
-0.002072
0.000682
0.000125
0.006174
-0.000170
0.002751
0.001729
0.003260
-0.000901
-0.001455
0.001489
-0.000405
0.000751
0.005036
0.000031
-0.002031
-0.001999
0.000088
0.000843
-0.000905
0.001897
-0.008707
0.001146
0.003160
0.007513
-0.004253
0.001956
-0.001538
0.001175
0.000898
-0.007253
0.001013
0.001852
0.008379
-0.001032
-0.000318
-0.003275
0.001793
-0.004891
0.001425
-0.001529
-0.008726
0.002530
-0.000013
0.003513
0.002640
-0.000917
-0.001122
-0.000786
-0.004906
-0.000535
0.002485
-0.006242
-0.002773
0.003285
-0.000584
0.000484
-0.001908
0.000353
0.001980
-0.006410
0.005242
0.003709
0.003494
0.000317
-0.001427
0.000503
0.000847
-0.005587
-0.003656
-0.004781
-0.001347
-0.000975
0.004537
-0.000007
-0.000587
-0.004622
-0.001659
0.000940
0.005208
0.001407
-0.002360
-0.000142
-0.001544
-0.001810
0.000610
-0.004514
-0.002292
-0.002070
-0.004890
0.002093
-0.000881
-0.001114
-0.000415
0.000860
-0.006991
-0.001156
0.001745
-0.003390
0.001811
0.002413
-0.000387
0.001957
0.006324
-0.004410
0.004003
-0.002303
-0.005491
0.002354
-0.002678
0.005577
0.001357
-0.000525
-0.000346
0.000828
0.004883
-0.005770
-0.000528
-0.005498
-0.003985
0.001798
-0.002453
-0.001339
-0.002473
-0.002208
-0.001461
0.001194
0.002127
-0.004481
-0.000761
0.000283
-0.001295
0.001415
-0.002205
-0.001507
0.000130
0.003641
0.000965
0.002353
-0.004780
0.000987
0.002145
-0.002916
-0.000324
-0.000453
-0.002295
-0.003927
-0.001436
0.004124
-0.002342
-0.005756
0.001310
0.001348
-0.001420
0.000617
-0.003514
0.002914
0.001026
-0.000738
-0.000605
-0.004861
0.002156
-0.001764
0.005090
-0.001474
0.001900
-0.001456
-0.003804
-0.003360
-0.001432
-0.003197
-0.001360
0.002909
-0.003724
-0.001000
0.002598
-0.005897
-0.007183
0.001591
-0.003309
-0.002379
0.000766
0.000362
0.001312
-0.004761
-0.004878
-0.000376
0.001337
0.003862
0.005295
-0.001890
-0.002400
-0.005463
-0.001049
-0.007878
-0.001478
0.003978
-0.002242
-0.001636
0.002847
0.001531
-0.001007
-0.002706
0.002958
-0.000610
0.000384
-0.001364
-0.002642
0.004761
0.001122
-0.002585
-0.003731
-0.002237
-0.003490
-0.000950
-0.001945
-0.004329
0.002041
0.002471
-0.001614
0.004098
0.003059
0.001794
0.005872
0.000589
0.003789
0.001282
0.002931
-0.000344
-0.006261
0.000844
0.001819
0.000760
0.002595
0.003510
0.005072
-0.001086
-0.003040
-0.002672
-0.003820
-0.001452
0.002180
0.001820
0.007604
0.000195
-0.000836
0.006776
-0.002601
0.005815
0.000359
-0.000425
-0.005390
0.000980
-0.000750
-0.000056
0.001919
0.000114
0.003636
-0.003411
0.000341
0.001645
-0.000727
0.000119
0.003544
0.003611
-0.003331
0.001329
-0.002910
-0.001753
0.000243
0.000990
0.002669
0.001269
0.004026
-0.002650
0.001171
-0.001520
0.005926
-0.002437
-0.000540
-0.003187
0.000689
0.003225
-0.002155
-0.001784
0.008280
-0.003938
0.003376
-0.002112
-0.002314
0.005866
0.004079
0.005175
0.000372
0.004612
-0.000042
-0.001213
-0.001488
-0.011855
0.003030
-0.004451
-0.005787
-0.000998
-0.002840
-0.004119
-0.001443
0.002704
-0.000063
0.001603
0.000404
0.002608
-0.008266
-0.001347
-0.000122
-0.000777
0.001059
-0.002517
-0.007371
0.006552
-0.002269
-0.001618
0.000762
-0.001043
0.001178
0.004452
0.001264
0.005460
0.003012
0.003219
0.002583
0.006224
-0.008074
-0.002377
0.001626
-0.003714
0.005751
0.005192
-0.005073
0.001882
-0.000303
-0.002895
0.002384
0.004615
0.000645
0.001802
0.003967
-0.004895
-0.003263
0.000681
0.002881
0.000137
-0.000598
0.003192
0.002861
-0.001203
-0.001702
0.000866
0.001146
-0.002204
0.003323
-0.004931
-0.004959
0.003586
-0.005175
-0.000199
0.000058
0.004122
0.002538
0.000017
-0.003007
-0.004494
0.004193
0.001973
-0.008906
0.003231
-0.003570
0.000968
0.001906
-0.002802
0.004782
-0.008637
-0.003418
-0.002993
-0.002421
0.002795
0.006930
0.001690
-0.000224
0.001897
-0.002113
-0.002191
0.005279
-0.003245
0.003723
-0.005388
-0.001549
-0.003040
0.001073
0.003816
0.001219
-0.001766
-0.001537
0.000980
0.003922
0.000281
0.009432
-0.001981
0.002730
-0.002154
0.003598
0.001605
-0.003459
-0.000373
0.000938
-0.000366
-0.000624
0.006640
0.001336
0.000305
-0.000380
0.000058
-0.002245
-0.000846
-0.003485
0.001118
-0.003371
-0.000384
-0.005923
-0.006874
0.004929
0.000379
-0.005584
0.000333
-0.000957
-0.001412
-0.000404
-0.003938
-0.002160
-0.001311
0.000000
0.000000
0.000000
0.000000
0.000000
0.000000
0.000000
0.000000
0.000000
0.000000
0.000000
0.000000
0.000000
0.000000
0.000000
0.000000
0.000000
0.000000
0.000000
0.000000
0.000000
0.000000
0.000000
0.000000
0.000000
0.000000
0.000000
0.000000
0.000000
0.000000
0.000000
0.000000
0.000000
0.000000
0.000000
0.000000
0.000000
0.000000
0.000000
0.000000
0.000000
0.000000
0.000000
0.000000
0.000000
0.000000
0.000000
0.000000
0.000000
0.000000
0.000000
0.000000
0.000000
0.000000
0.000000
0.000000
0.000000
0.000000
0.000000
0.000000
0.000000
0.000000
0.000000
0.000000
0.000000
0.000000
0.000000
0.000000
0.000000
0.000000
0.000000
0.000000
0.000000
0.000000
0.000000
0.000000
0.000000
0.000000
0.000000
0.000000
0.000000
0.000000
0.000000
0.000000
0.000000
0.000000
0.000000
0.000000
0.000000
0.000000
0.000000
0.000000
0.000000
0.000000
0.000000
0.000000
0.000000
0.000000
0.000000
0.000000
0.000000
0.000000
0.000000
0.000000
0.000000
0.000000
0.000000
0.000000
0.000000
0.000000
0.000000
0.000000
0.000000
0.000000
0.000000
0.000000
0.000000
0.000000
0.000000
0.000000
0.000000
0.000000
0.000000
0.000000
0.000000
0.000000
0.000000
0.000000
0.000000
0.000000
0.000000
0.000000
0.000000
0.000000
0.000000
0.000000
0.000000
0.000000
0.000000
0.000000
0.000000
0.000000
0.000000
0.000000
0.000000
0.000000
0.000000
0.000000
0.000000
0.000000
0.000000
0.000000
0.000000
0.000000
0.000000
0.000000
0.000000
0.000000
0.000000
0.000000
0.000000
0.000000
0.000000
0.000000
0.000000
0.000000
0.000000
0.000000
0.000000
0.000000
0.000000
0.000000
0.000000
0.000000
0.000000
0.000000
0.000000
0.000000
0.000000
0.000000
0.000000
0.000000
0.000000
0.000000
0.000000
0.000000
0.000000
0.000000
0.000000
0.000000
0.000000
0.000000
0.000000
0.000000
0.000000
0.000000
0.000000
0.000000
0.000000
0.000000
0.000000
0.000000
0.000000
0.000000
0.000000
0.000000
0.000000
0.000000
0.000000
0.000000
0.000000
0.000000
0.000000
0.000000
0.000000
0.000000
0.000000
0.000000
0.000000
0.000000
0.000000
0.000000
0.000000
0.000000
0.000000
0.000000
0.000000
0.000000
0.000000
0.000000
0.000000
0.000000
0.000000
0.000000
0.000000
0.000000
0.000000
0.000000
0.000000
0.000000
0.000000
0.000000
0.000000
0.000000
0.000000
0.000000
0.000000
0.000000
0.000000
0.000000
0.000000
0.000000
0.000000
0.000000
0.000000
0.000000
0.000000
0.000000
0.000000
0.000000
0.000000
0.000000
0.000000
0.000000
0.000000
0.000000
0.000000
0.000000
0.000000
0.000000
0.000000
0.000000
0.000000
0.000000
0.000000
0.000000
0.000000
0.000000
0.000000
0.000000
0.000000
0.000000
0.000000
0.000000
0.000000
0.000000
0.000000
0.000000
0.000000
0.000000
0.000000
0.000000
0.000000
0.000000
0.000000
0.000000
0.000000
0.000000
0.000000
0.000000
0.000000
0.000000
0.000000
0.000000
0.000000
0.000000
0.000000
0.000000
0.000000
0.000000
0.000000
0.000000
0.000000
0.000000
0.000000
0.000000
0.000000
0.000000
0.000000
0.000000
0.000000
0.000000
0.000000
0.000000
0.000000
0.000000
0.000000
0.000000
0.000000
0.000000
0.000000
0.000000
0.000000
0.000000
0.000000
0.000000
0.000000
0.000000
0.000000
0.000000
0.000000
0.000000
0.000000
0.000000
0.000000
0.000000
0.000000
0.000000
0.000000
0.000000
0.000000
0.000000
0.000000
0.000000
0.000000
0.000000
0.000000
0.000000
0.000000
0.000000
0.000000
0.000000
0.000000
0.000000
0.000000
0.000000
0.000000
0.000000
0.000000
0.000000
0.000000
0.000000
0.000000
0.000000
0.000000
0.000000
0.000000
0.000000
0.000000
0.000000
0.000000
0.000000
0.000000
0.000000
0.000000
0.000000
0.000000
0.000000
0.000000
0.000000
0.000000
0.000000
0.000000
0.000000
0.000000
0.000000
0.000000
0.000000
0.000000
0.000000
0.000000
0.000000
0.000000
0.000000
0.000000
0.000000
0.000000
0.000000
0.000000
0.000000
0.000000
0.000000
0.000000
0.000000
0.000000
0.000000
0.000000
0.000000
0.000000
0.000000
0.000000
0.000000
0.000000
0.000000
0.000000
0.000000
0.000000
0.000000
0.000000
0.000000
0.000000
0.000000
0.000000
0.000000
0.000000
0.000000
0.000000
0.000000
0.000000
0.000000
0.000000
0.000000
0.000000
0.000000
0.000000
0.000000
0.000000
0.000000
0.000000
0.000000
0.000000
0.000000
0.000000
0.000000
0.000000
0.000000
0.000000
0.000000
0.000000
0.000000
0.000000
0.000000
0.000000
0.000000
0.000000
0.000000
0.000000
0.000000
0.000000
0.000000
0.000000
0.000000
0.000000
0.000000
0.000000
0.000000
0.000000
0.000000
0.000000
0.000000
0.000000
0.000000
0.000000
0.000000
0.000000
0.000000
0.000000
0.000000
0.000000
0.000000
0.000000
0.000000
0.000000
0.000000
0.000000
0.000000
0.000000
0.000000
0.000000
0.000000
0.000000
0.000000
0.000000
0.000000
0.000000
0.000000
0.000000
0.000000
0.000000
0.000000
0.000000
0.000000
