0.001,0,0,0,0
0.002,0,0,0,0
0.003,0,0,0,0
0.004,0,0,0,0
0.005,0,0,0,0
0.006,0,0,0,0
0.007,0,0,0,0
0.008,0,0,0,0
0.009000000000000001,0,0,0,0
0.010000000000000002,0,0,0,0
0.011000000000000003,0,0,0,0
0.012000000000000004,0,0,0,0
0.013000000000000005,0,0,0,0
0.014000000000000005,0,0,0,0
0.015000000000000006,0,0,0,0
0.016000000000000007,0,0,0,0
0.017000000000000008,0,0,0,0
0.01800000000000001,0,0,0,0
0.01900000000000001,0,0,0,0
0.02000000000000001,0,0,0,0
0.02100000000000001,0,0,0,0
0.022000000000000013,0,0,0,0
0.023000000000000013,0,0,0,0
0.024000000000000014,0,0,0,0
0.025000000000000015,0,0,0,0
0.026000000000000016,0,0,0,0
0.027000000000000017,0,0,0,0
0.028000000000000018,0,0,0,0
0.02900000000000002,0,0,0,0
0.03000000000000002,0,0,0,0
0.03100000000000002,0,0,0,0
0.03200000000000002,0,0,0,0
0.03300000000000002,0,0,0,0
0.03400000000000002,0,0,0,0
0.035000000000000024,0,0,0,0
0.036000000000000025,0,0,0,0
0.037000000000000026,0,0,0,0
0.03800000000000003,0,0,0,0
0.03900000000000003,0,0,0,0
0.04000000000000003,0,0,0,0
0.04100000000000003,0,0,0,0
0.04200000000000003,0,0,0,0
0.04300000000000003,0,0,0,0
0.04400000000000003,0,0,0,0
0.04500000000000003,0,0,0,0
0.046000000000000034,0,0,0,0
0.047000000000000035,0,0,0,0
0.048000000000000036,0,0,0,0
0.04900000000000004,0,0,0,0
0.05000000000000004,0,0,0,0
0.05100000000000004,0,0,0,0
0.05200000000000004,0,0,0,0
0.05300000000000004,0,0,0,0
0.05400000000000004,0,0,0,0
0.05500000000000004,0,0,0,0
0.05600000000000004,0,0,0,0
0.057000000000000044,0,0,0,0
0.058000000000000045,0,0,0,0
0.059000000000000045,0,0,0,0
0.060000000000000046,0,0,0,0
0.06100000000000005,0,0,0,0
0.06200000000000005,0,0,0,0
0.06300000000000004,0,0,0,0
0.06400000000000004,0,0,0,0
0.06500000000000004,0,0,0,0
0.06600000000000004,0,0,0,0
0.06700000000000005,0,0,0,0
0.06800000000000005,0,0,0,0
0.06900000000000005,0,0,0,0
0.07000000000000005,0,0,0,0
0.07100000000000005,0,0,0,0
0.07200000000000005,0,0,0,0
0.07300000000000005,0,0,0,0
0.07400000000000005,0,0,0,0
0.07500000000000005,0,0,0,0
0.07600000000000005,0,0,0,0
0.07700000000000005,0,0,0,0
0.07800000000000006,0,0,0,0
0.07900000000000006,0,0,0,0
0.08000000000000006,0,0,0,0
0.08100000000000006,0,0,0,0
0.08200000000000006,0,0,0,0
0.08300000000000006,0,0,0,0
0.08400000000000006,0,0,0,0
0.08500000000000006,0,0,0,0
0.08600000000000006,0,0,0,0
0.08700000000000006,0,0,0,0
0.08800000000000006,0,0,0,0
0.08900000000000007,0,0,0,0
0.09000000000000007,0,0,0,0
0.09100000000000007,0,0,0,0
0.09200000000000007,0,0,0,0
0.09300000000000007,0,0,0,0
0.09400000000000007,0,0,0,0
0.09500000000000007,0,0,0,0
0.09600000000000007,0,0,0,0
0.09700000000000007,0,0,0,0
0.09800000000000007,0,0,0,0
0.09900000000000007,0,0,0,0
0.10000000000000007,0,0,0,0
0.10100000000000008,0,0,2,0
0.10200000000000008,0.008238044955978943,0.32442407083253766,2,0
0.10300000000000008,0.04299874611738222,0.5287201713669669,2,0
0.10400000000000008,0.09441669937328799,0.6561702534974778,2,0
0.10500000000000008,0.15618145917642523,0.7344743803966596,2,0
0.10600000000000008,0.22425771674089479,0.7813602106084506,2,0
0.10700000000000008,0.29606621448375303,0.8081730678229464,2,0
0.10800000000000008,0.3699595316584174,0.8221735854880744,2,0
0.10900000000000008,0.4448865875466336,0.8280081993173414,2,0
0.11000000000000008,0.5201779238837637,0.8286502624515368,2,0
0.11100000000000008,0.5954082859892844,0.826002359119433,2,0
0.11200000000000009,0.6703086750645505,0.8212817853383048,2,0
0.11300000000000009,0.7447100620335814,0.8152672565203872,2,0
0.11400000000000009,0.8185073647673996,0.8084568002995862,2,0
0.11500000000000009,0.8916363938699026,0.8011688078995952,2,0
0.11600000000000009,0.9640590983392172,0.793606706968953,2,0
0.11700000000000009,1.0357541231455094,0.7859003521553799,2,0
0.11800000000000009,1.1067107664315081,0.7781325150336841,2,0
0.11900000000000009,1.1769251124677953,0.7703558376203785,2,0
0.12000000000000009,1.2463975570874124,0.7626036825842163,2,0
0.1210000000000001,1.3151312243035376,0.7548970773425294,2,0
0.1220000000000001,1.3831309532806744,0.7472491582448975,2,0
0.1230000000000001,1.450402650328476,0.7396680148131133,2,0
0.1240000000000001,1.516952874506479,0.7321585100175857,2,0
0.12500000000000008,1.582788572736287,0.7247234452174603,2,0
0.12600000000000008,1.647916910595018,0.7173643056859155,2,0
0.12700000000000009,1.7123451643413081,0.7100817377103628,2,0
0.12800000000000009,1.7760806521267205,0.702875853900973,2,0
0.1290000000000001,1.8391306902824314,0.6957464285529131,2,0
0.1300000000000001,1.9015025656507434,0.6886930226433381,2,0
0.1310000000000001,1.963203518181972,0.6817150637949995,2,0
0.1320000000000001,2.0242407300978957,0.6748118974188605,2,0
0.1330000000000001,2.08462131925456,0.6679828194116422,2,0
0.1340000000000001,2.1443523351894638,0.6612270970488869,2,0
0.1350000000000001,2.203440756883576,0.6545439823235136,2,0
0.1360000000000001,2.261893491617698,0.6479327204498417,2,0
0.1370000000000001,2.319717374526113,0.6413925552738671,2,0
0.1380000000000001,2.3769191685934175,0.634922732703886,2,0
0.1390000000000001,2.4335055649319517,0.6285225028744857,2,0
0.1400000000000001,2.4894831832358113,0.6221911215002313,2,0
0.1410000000000001,2.544858572344891,0.6159278507110911,2,0
0.1420000000000001,2.599638210876411,0.6097319595565117,2,0
0.1430000000000001,2.6538285078967196,0.6036027242977545,2,0
0.1440000000000001,2.7074358036159927,0.5975394285650474,2,0
0.1450000000000001,2.7604663700947407,0.5915413634285391,2,0
0.1460000000000001,2.8129264119550563,0.5856078274144073,2,0
0.1470000000000001,2.8648220670921023,0.5797381264861778,2,0
0.1480000000000001,2.916159407383004,0.5739315740040944,2,0
0.1490000000000001,2.966944439391348,0.5681874906707463,2,0
0.1500000000000001,3.01718310506617,0.5625052044682067,2,0
0.1510000000000001,3.0668812824347524,0.5568840505900423,2,0
0.1520000000000001,3.1160447862888105,0.5513233713703354,2,0
0.1530000000000001,3.164679368863844,0.5458225162110922,2,0
0.1540000000000001,3.2127907205115243,0.5403808415089097,2,0
0.1550000000000001,3.2603844703650715,0.5349977105814571,2,0
0.1560000000000001,3.3074661869976145,0.529672493594124,2,0
0.1570000000000001,3.3540413790735597,0.5244045674870602,2,0
0.1580000000000001,3.4001154959930107,0.5191933159027431,2,0
0.1590000000000001,3.445693928529291,0.5140381291141626,2,0
0.16000000000000011,3.4907820094596334,0.508938403953673,2,0
0.16100000000000012,3.5353850141890986,0.5038935437425436,2,0
0.16200000000000012,3.5795081613677904,0.49890295822122466,2,0
0.16300000000000012,3.6231566135014392,0.4939660634803359,2,0
0.16400000000000012,3.6663354775554198,0.48908228189237973,2,0
0.16500000000000012,3.70904980555227,0.4842510420441784,2,0
0.16600000000000012,3.7513045951627886,0.4794717786700305,2,0
0.16700000000000012,3.79310479029077,0.47474393258558184,2,0
0.16800000000000012,3.8344552816514517,0.4700669506224055,2,0
0.16900000000000012,3.875360907343737,0.46544028556328276,2,0
0.17000000000000012,3.9158264534162646,0.46086339607818017,2,0
0.17100000000000012,3.9558566544273837,0.45633574666091387,2,0
0.17200000000000013,3.995456193999111,0.4518568075664954,2,0
0.17300000000000013,4.034629705365122,0.4474260547491503,2,0
0.17400000000000013,4.07338177191285,0.44304296980100494,2,0
0.17500000000000013,4.111716927719753,0.4387070398914309,2,0
0.17600000000000013,4.149639658083812,0.43441775770704355,2,0
0.17700000000000013,4.187154400048318,0.43017462139234486,2,0
0.17800000000000013,4.224265542921018,0.42597713449100555,2,0
0.17900000000000013,4.260977428787673,0.4218248058877786,2,0
0.18000000000000013,4.297294353020091,0.4177171497510376,2,0
0.18100000000000013,4.3332205647786965,0.41365368547593345,2,0
0.18200000000000013,4.36876026750969,0.4096339376281625,2,0
0.18300000000000013,4.4039176194368626,0.40565743588833986,2,0
0.18400000000000014,4.438696734048114,0.4017237149969707,2,0
0.18500000000000014,4.473101680576743,0.39783231470001423,2,0
0.18600000000000014,4.507136484477556,0.3939827796950326,2,0
0.18700000000000014,4.540805127897853,0.39017465957791975,2,0
0.18800000000000014,4.574111550143348,0.386407508790203,2,0
0.18900000000000014,4.607059648139077,0.3826808865669119,2,0
0.19000000000000014,4.639653276885347,0.37899435688500754,2,0
0.19100000000000014,4.671896249908778,0.375347488412367,2,0
0.19200000000000014,4.703792339708498,0.37173985445731655,2,0
0.19300000000000014,4.735345278197527,0.3681710329187077,2,0
0.19400000000000014,4.766558757139426,0.36464060623653055,2,0
0.19500000000000015,4.7974364285802364,0.3611481613430583,2,0
0.19600000000000015,4.827981905275782,0.3576932896145174,2,0
0.19700000000000015,4.858198761114364,0.3542755868232776,2,0
0.19800000000000015,4.88809053153492,0.3508946530905565,2,0
0.19900000000000015,4.917660713940673,0.3475500928396329,2,0
0.20000000000000015,4.946912768108338,0.34424151474956327,2,0
0.20100000000000015,4.975850116592921,0.3409685317093966,2,0
0.20200000000000015,5.004476145128172,0.3377307607728814,2,0
0.20300000000000015,5.032794203022713,0.33452782311365986,2,0
0.20400000000000015,5.0608076035519245,0.331359343980945,2,0
0.20500000000000015,5.088519624345599,0.3282249526556734,2,0
0.20600000000000016,5.115933507771436,0.3251242824071305,2,0
0.20700000000000016,5.1430524613144,0.32205697045004233,2,0
0.20800000000000016,5.169879657952012,0.3190226579021288,2,0
0.20900000000000016,5.196418236525587,0.31602098974211357,2,0
0.21000000000000016,5.222671302107489,0.3130516147681858,2,0
0.21100000000000016,5.2486419263644315,0.31011418555690906,2,0
0.21200000000000016,5.274333147916868,0.30720835842257144,2,0
0.21300000000000016,5.299747972694517,0.30433379337697414,2,0
0.21400000000000016,5.324889374288064,0.3014901540896518,2,0
0.21500000000000016,5.34976029429708,0.2986771078485211,2,0
0.21600000000000016,5.374363642674187,0.2958943255209528,2,0
0.21700000000000016,5.398702298065541,0.29314148151526237,2,0
0.21800000000000017,5.422779108147629,0.2904182537426153,2,0
0.21900000000000017,5.446596889960459,0.2877243235793417,2,0
0.22000000000000017,5.470158430237158,0.2850593758296567,2,0
0.22100000000000017,5.49346648573003,0.28242309868878196,2,0
0.22200000000000017,5.5165237835330965,0.27981518370646385,2,0
0.22300000000000017,5.539333021401174,0.2772353257508838,2,0
0.22400000000000017,5.561896868065521,0.2746832229729575,2,0
0.22500000000000017,5.584217963546079,0.2721585767710179,2,0
0.22600000000000017,5.606298919460368,0.2696610917558778,2,0
0.22700000000000017,5.628142319329046,0.2671904757162691,2,0
0.22800000000000017,5.649750718878188,0.2647464395846531,2,0
0.22900000000000018,5.671126646338314,0.2623286974033992,2,0
0.23000000000000018,5.692272602740193,0.2599369662913271,2,0
0.23100000000000018,5.713191062207474,0.257570966410609,2,0
0.23200000000000018,5.73388447224616,0.2552304209340282,2,0
0.23300000000000018,5.754355254030975,0.2529150560125895,2,0
0.23400000000000018,5.774605802688645,0.25062460074347837,2,0
0.23500000000000018,5.79463848757813,0.2483587871383645,2,0
0.23600000000000018,5.814455652567852,0.246117350092047,2,0
0.23700000000000018,5.8340596163099265,0.24390002735143607,2,0
0.23800000000000018,5.853452672511451,0.241706559484869,2,0
0.23900000000000018,5.8726370902028755,0.23953668985175613,2,0
0.24000000000000019,5.891615114003482,0.23739016457255321,2,0
0.2410000000000002,5.910388964384011,0.23526673249905716,2,0
0.2420000000000002,5.9289608379264624,0.23316614518502088,2,0
0.2430000000000002,5.9473329075810994,0.23108815685708467,2,0
0.2440000000000002,5.965507322920688,0.22903252438602023,2,0
0.2450000000000002,5.9834862103920035,0.22699900725828387,2,0
0.2460000000000002,6.001271673564625,0.22498736754787593,2,0
0.2470000000000002,6.018865793377067,0.22299736988850302,2,0
0.2480000000000002,6.036270628380242,0.22102878144603952,2,0
0.2490000000000002,6.053488214978325,0.21908137189128554,2,0
0.25000000000000017,6.070520567667011,0.21715491337301784,2,0
0.25100000000000017,6.08736967926922,0.21524918049133088,2,0
0.25200000000000017,6.10403752116826,0.2133639502712643,2,0
0.25300000000000017,6.12052604353848,0.21149900213671452,2,0
0.25400000000000017,6.1368371755734525,0.20965411788462682,2,0
0.25500000000000017,6.152972825711685,0.207829081659465,2,0
0.25600000000000017,6.168934881859916,0.20602367992795598,2,0
0.2570000000000002,6.184725211614003,0.20423770145410583,2,0
0.2580000000000002,6.200345662477438,0.2024709372744847,2,0
0.2590000000000002,6.2157980620775035,0.2007231806737776,2,0
0.2600000000000002,6.231084218379116,0.19899422716059834,2,0
0.2610000000000002,6.246205919896356,0.19728387444356354,2,0
0.2620000000000002,6.261164935901734,0.1955919224076241,2,0
0.2630000000000002,6.275963016633191,0.19391817309065126,2,0
0.2640000000000002,6.29060189349889,0.19226243066027465,2,0
0.2650000000000002,6.305083279279787,0.19062450139096943,2,0
0.2660000000000002,6.319408868330033,0.1890041936413899,2,0
0.2670000000000002,6.333580336775219,0.18740131783194736,2,0
0.2680000000000002,6.347599342708482,0.18581568642262836,2,0
0.2690000000000002,6.3614675263845095,0.18424711389105258,2,0
0.2700000000000002,6.375186510411451,0.18269541671076603,2,0
0.2710000000000002,6.388757899940769,0.18116041332976815,2,0
0.2720000000000002,6.40218328285504,0.1796419241492698,2,0
0.2730000000000002,6.415464229953746,0.17813977150267976,2,0
0.2740000000000002,6.4286022951370585,0.17665377963481754,2,0
0.2750000000000002,6.44159901558765,0.17518377468134938,2,0
0.2760000000000002,6.4544559119505465,0.17372958464844576,2,0
0.2770000000000002,6.467174488511046,0.172291039392658,2,0
0.2780000000000002,6.479756233370724,0.17086797060101086,2,0
0.2790000000000002,6.492202618621544,0.1694602117713096,2,0
0.2800000000000002,6.5045151005180974,0.16806759819265893,2,0
0.2810000000000002,6.516695119647987,0.1666899669261913,2,0
0.2820000000000002,6.5287441011003775,0.16532715678600293,2,0
0.2830000000000002,6.540663454632736,0.16397900832029455,2,0
0.2840000000000002,6.552454574835778,0.1626453637927152,2,0
0.2850000000000002,6.564118841296634,0.16132606716390674,2,0
0.2860000000000002,6.5756576187602676,0.16002096407324695,2,0
0.2870000000000002,6.587072257289152,0.15872990182078886,2,0
0.2880000000000002,6.598364092421229,0.15745272934939475,2,0
0.2890000000000002,6.609534445326175,0.15618929722706187,2,0
0.2900000000000002,6.620584622959974,0.15493945762943878,2,0
0.2910000000000002,6.631515918217839,0.15370306432252936,2,0
0.2920000000000002,6.642329610085481,0.1524799726455833,2,0
0.2930000000000002,6.653026963788757,0.15127003949417045,2,0
0.2940000000000002,6.663609230941699,0.15007312330343717,2,0
0.2950000000000002,6.674077649692958,0.14888908403154297,2,0
0.2960000000000002,6.684433444870672,0.14771778314327547,2,0
0.2970000000000002,6.694677828125772,0.14655908359384126,2,0
0.2980000000000002,6.704811998073747,0.14541284981283134,2,0
0.2990000000000002,6.7148371404348834,0.14427894768835928,2,0
0.3000000000000002,6.724754428173003,0.14315724455136972,2,0
0.3010000000000002,6.734565021632695,0.1420476091601158,2,0
0.3020000000000002,6.744270068675084,0.14094991168480356,2,0
0.3030000000000002,6.75387070481213,0.1398640236924016,2,0
0.3040000000000002,6.763368053339485,0.13878981813161412,2,0
0.3050000000000002,6.772763225467924,0.13772716931801574,2,0
0.3060000000000002,6.782057320453355,0.13667595291934592,2,0
0.3070000000000002,6.7912514257254415,0.13563604594096207,2,0
0.3080000000000002,6.800346617014824,0.13460732671144868,2,0
0.3090000000000002,6.809343958478992,0.13358967486838158,2,0
0.3100000000000002,6.818244502826789,0.13258297134424535,2,0
0.3110000000000002,6.827049291441579,0.1315870983525021,2,0
0.3120000000000002,6.835759354503097,0.13060193937381004,2,0
0.3130000000000002,6.8443757111079755,0.12962737914239078,2,0
0.3140000000000002,6.852899369388988,0.12866330363254266,2,0
0.3150000000000002,6.861331326632995,0.12770960004529966,2,0
0.3160000000000002,6.869672569397638,0.12676615679523365,2,0
0.3170000000000002,6.87792407362676,0.12583286349739864,2,0
0.3180000000000002,6.886086804764598,0.12490961095441543,2,0
0.31900000000000023,6.894161717868741,0.12399629114369537,2,0
0.32000000000000023,6.902149757721874,0.12309279720480151,2,0
0.32100000000000023,6.910051858942321,0.12219902342694552,2,0
0.32200000000000023,6.917868946093392,0.12131486523661948,2,0
0.32300000000000023,6.925601933791569,0.12044021918536044,2,0
0.32400000000000023,6.9332517268135065,0.11957498293764673,2,0
0.32500000000000023,6.940819220201901,0.11871905525892448,2,0
0.32600000000000023,6.948305299370207,0.11787233600376308,2,0
0.32700000000000023,6.9557108402062395,0.1170347261041377,2,0
0.32800000000000024,6.963036709174648,0.11620612755783838,2,0
0.32900000000000024,6.970283763418297,0.11538644341700333,2,0
0.33000000000000024,6.977452850858555,0.11457557777677586,2,0
0.33100000000000024,6.984544810294502,0.1137734357640835,2,0
0.33200000000000024,6.991560471501072,0.11297992352653734,2,0
0.33300000000000024,6.998500655326134,0.11219494822145129,2,0
0.33400000000000024,7.005366173786539,0.11141841800497929,2,0
0.33500000000000024,7.012157830163128,0.11065024202136925,2,0
0.33600000000000024,7.018876419094708,0.10989033039233283,2,0
0.33700000000000024,7.025522726671039,0.10913859420652947,2,0
0.33800000000000024,7.032097530524802,0.10839494550916344,2,0
0.33900000000000025,7.038601599922583,0.10765929729169313,2,0
0.34000000000000025,7.045035695854879,0.10693156348165068,2,0
0.34100000000000025,7.05140057112514,0.10621165893257152,2,0
0.34200000000000025,7.057696970437844,0.10549949941403183,2,0
0.34300000000000025,7.06392563048563,0.10479500160179352,2,0
0.34400000000000025,7.070087280035494,0.10409808306805504,2,0
0.34500000000000025,7.076182640014055,0.10340866227180721,2,0
0.34600000000000025,7.082212423591907,0.10272665854929276,2,0
0.34700000000000025,7.088177336267059,0.10205199210456835,2,0
0.34800000000000025,7.094078075947481,0.10138458400016834,2,0
0.34900000000000025,7.09991533303276,0.10072435614786909,2,0
0.35000000000000026,7.10568979049488,0.10007123129955228,2,0
0.35100000000000026,7.111402123958132,0.09942513303816672,2,0
0.35200000000000026,7.1170530017781575,0.09878598576878742,2,0
0.35300000000000026,7.122643085120155,0.09815371470977087,2,0
0.35400000000000026,7.128173028036236,0.09752824588400537,2,0
0.35500000000000026,7.133643477541945,0.09690950611025545,2,0
0.35600000000000026,7.139055073691969,0.09629742299459976,2,0
0.35700000000000026,7.144408449655021,0.09569192492196055,2,0
0.35800000000000026,7.149704231787925,0.09509294104772467,2,0
0.35900000000000026,7.154943039708897,0.09450040128945464,2,0
0.36000000000000026,7.160125486370046,0.09391423631868873,2,0
0.36100000000000027,7.165252178129089,0.09333437755282946,2,0
0.36200000000000027,7.170323714820295,0.09276075714711934,2,0
0.36300000000000027,7.17534068982467,0.09219330798670278,2,0
0.36400000000000027,7.18030369013938,0.09163196367877348,2,0
0.36500000000000027,7.185213296446435,0.09107665854480636,2,0
0.36600000000000027,7.1900700831806255,0.0905273276128731,2,0
0.36700000000000027,7.194874618596738,0.08998390661004026,2,0
0.36800000000000027,7.199627464836037,0.08944633195484909,2,0
0.36900000000000027,7.204329177992041,0.08891454074987648,2,0
0.3700000000000003,7.208980308175583,0.08838847077437573,2,0
0.3710000000000003,7.213581399579178,0.08786806047699672,2,0
0.3720000000000003,7.218132990540692,0.08735324896858412,2,0
0.3730000000000003,7.22263561360633,0.08684397601505328,2,0
0.3740000000000003,7.227089795592944,0.0863401820303428,2,0
0.3750000000000003,7.231496057649675,0.08584180806944264,2,0
0.3760000000000003,7.235854915318924,0.0853487958214976,2,0
0.3770000000000003,7.240166878596676,0.08486108760298473,2,0
0.3780000000000003,7.244432451992166,0.08437862635096427,2,0
0.3790000000000003,7.248652134586912,0.08390135561640306,2,0
0.3800000000000003,7.252826420093107,0.08342921955757004,2,0
0.3810000000000003,7.256955796911383,0.08296216293350256,2,0
0.3820000000000003,7.261040748187957,0.08250013109754299,2,0
0.3830000000000003,7.2650817518711595,0.0820430699909451,2,0
0.3840000000000003,7.269079280767355,0.08159092613654896,2,0
0.3850000000000003,7.273033802596262,0.08114364663252403,2,0
0.3860000000000003,7.276945780045677,0.08070117914617944,2,0
0.3870000000000003,7.2808156708256115,0.08026347190784115,2,0
0.3880000000000003,7.284643927721841,0.07983047370479453,2,0
0.3890000000000003,7.288430998648884,0.07940213387529262,2,0
0.3900000000000003,7.292177326702415,0.07897840230262837,2,0
0.3910000000000003,7.2958833502110965,0.07855922940927103,2,0
0.3920000000000003,7.2995495027878725,0.07814456615106534,2,0
0.3930000000000003,7.3031762133806994,0.07773436401149338,2,0
0.3940000000000003,7.306763906322735,0.07732857499599795,2,0
0.3950000000000003,7.310313001381984,0.0769271516263671,2,0
0.3960000000000003,7.313823913810416,0.07653004693517916,2,0
0.3970000000000003,7.317297054392547,0.07613721446030733,2,0
0.3980000000000003,7.320732829493503,0.07574860823948358,2,0
0.3990000000000003,7.324131641106566,0.07536418280492092,2,0
0.4000000000000003,7.327493886900209,0.07498389317799371,2,0
0.4010000000000003,7.330819960264623,0.07460769486397478,2,0
0.4020000000000003,7.334110250357746,0.07423554384682973,2,0
0.4030000000000003,7.337365142150792,0.07386739658406678,2,0
0.4040000000000003,7.340585016473296,0.07350321000164235,2,0
0.4050000000000003,7.343770250057674,0.0731429414889211,2,0
0.4060000000000003,7.346921215583297,0.07278654889369054,2,0
0.4070000000000003,7.350038281720096,0.07243399051722921,2,0
0.4080000000000003,7.353121813171701,0.07208522510942755,2,0
0.4090000000000003,7.35617217071811,0.07174021186396186,2,0
0.4100000000000003,7.359189711257897,0.07139891041351962,2,0
0.4110000000000003,7.362174787849978,0.07106128082507666,2,0
0.4120000000000003,7.365127749754914,0.07072728359522465,2,0
0.4130000000000003,7.368048942475776,0.0703968796455493,2,0
0.4140000000000003,7.37093870779857,0.07007003031805807,2,0
0.4150000000000003,7.373797383832227,0.06974669737065706,2,0
0.4160000000000003,7.376625305048164,0.06942684297267654,2,0
0.4170000000000003,7.379422802319414,0.06911042970044484,2,0
0.4180000000000003,7.382190202959344,0.06879742053290966,2,0
0.4190000000000003,7.3849278307599455,0.06848777884730634,2,0
0.4200000000000003,7.387636006029725,0.0681814684148731,2,0
0.4210000000000003,7.390315045631175,0.06787845339661217,2,0
0.4220000000000003,7.39296526301785,0.06757869833909652,2,0
0.4230000000000003,7.395586968271046,0.06728216817032173,2,0
0.4240000000000003,7.398180468136073,0.06698882819560253,2,0
0.4250000000000003,7.400746066058149,0.06669864409351335,2,0
0.4260000000000003,7.403284062217902,0.06641158191187267,2,0
0.4270000000000003,7.405794753566495,0.06612760806377062,2,0
0.4280000000000003,7.4082784338603656,0.06584668932363918,2,0
0.4290000000000003,7.4107353936955995,0.06556879282336467,2,0
0.4300000000000003,7.413165920541928,0.0652938860484422,2,0
0.4310000000000003,7.415570298776368,0.06502193683417135,2,0
0.43200000000000033,7.417948809716485,0.06475291336189282,2,0
0.43300000000000033,7.42030173165332,0.06448678415526563,2,0
0.43400000000000033,7.42262933988394,0.06422351807658423,2,0
0.43500000000000033,7.424931906743656,0.06396308432313541,2,0
0.43600000000000033,7.427209701637879,0.06370545242359421,2,0
0.43700000000000033,7.429462991073647,0.06345059223445886,2,0
0.43800000000000033,7.431692038690807,0.06319847393652374,2,0
0.43900000000000033,7.433897105292857,0.06294906803139069,2,0
0.44000000000000034,7.436078448877465,0.06270234533801737,2,0
0.44100000000000034,7.438236324666653,0.06245827698930324,2,0
0.44200000000000034,7.440370985136659,0.062216834428711856,2,0
0.44300000000000034,7.442482680047477,0.06197798940692989,2,0
0.44400000000000034,7.44457165647208,0.06174171397856172,2,0
0.44500000000000034,7.446638158825328,0.061507980498859915,2,0
0.44600000000000034,7.448682428892565,0.06127676162049062,2,0
0.44700000000000034,7.450704705857908,0.061048030290333885,2,0
0.44800000000000034,7.452705226332234,0.060821759746318406,2,0
0.44900000000000034,7.454684224380859,0.060597923514290296,2,0
0.45000000000000034,7.456641931550931,0.06037649540491555,2,0
0.45100000000000035,7.4585785768985176,0.06015744951061585,2,0
0.45200000000000035,7.460494387015405,0.059940760202537274,2,0
0.45300000000000035,7.462389586055613,0.05972640212755176,2,0
0.45400000000000035,7.464264395761619,0.05951435020529061,2,0
0.45500000000000035,7.466119035490303,0.05930457962521011,2,0
0.45600000000000035,7.467953722238614,0.05909706584368863,2,0
0.45700000000000035,7.469768670668958,0.058891784581155,2,0
0.45800000000000035,7.471564093134312,0.05868871181924766,2,0
0.45900000000000035,7.473340199703075,0.058487823798004546,2,0
0.46000000000000035,7.475097198183642,0.058289097013083005,2,0
0.46100000000000035,7.47683529414872,0.058092508213009875,2,0
0.46200000000000035,7.478554690959379,0.05789803439646092,2,0
0.46300000000000036,7.4802555897888485,0.057705652809569644,2,0
0.46400000000000036,7.4819381896460495,0.057515340943265075,2,0
0.46500000000000036,7.483602687398887,0.05732707653063813,2,0
0.46600000000000036,7.485249277797276,0.057140837544336354,2,0
0.46700000000000036,7.486878153495936,0.05695660219398656,2,0
0.46800000000000036,7.488489505076923,0.05677434892364546,2,0
0.46900000000000036,7.490083521071934,0.05659405640927751,2,0
0.47000000000000036,7.491660387984366,0.056415703556259966,2,0
0.47100000000000036,7.4932202903111325,0.056239269496914705,2,0
0.47200000000000036,7.494763410564254,0.05606473358806673,2,0
0.47300000000000036,7.496289929292214,0.05589207540862885,2,0
0.47400000000000037,7.497800025101077,0.05572127475721237,2,0
0.47500000000000037,7.49929387467539,0.055552311649763424,2,0
0.47600000000000037,7.500771652798857,0.05538516631722494,2,0
0.47700000000000037,7.5022335323747855,0.055219819203223476,2,0
0.47800000000000037,7.503679684446317,0.05505625096178115,2,0
0.47900000000000037,7.505110278216443,0.05489444245505213,2,0
0.48000000000000037,7.506525481067795,0.054734374751083364,2,0
0.48100000000000037,7.507925458582237,0.05457602912159961,2,0
0.4820000000000004,7.509310374560233,0.05441938703981214,2,0
0.4830000000000004,7.510680391040013,0.05426443017825111,2,0
0.4840000000000004,7.512035668316535,0.05411114040662114,2,0
0.4850000000000004,7.513376364960235,0.053959499789680024,2,0
0.4860000000000004,7.514702637835587,0.05380949058514042,2,0
0.4870000000000004,7.516014642119448,0.053661095241593675,2,0
0.4880000000000004,7.517312531319219,0.05351429639645654,2,0
0.4890000000000004,7.518596457290807,0.053369076873939617,2,0
0.4900000000000004,7.519866570256389,0.05322541968303771,2,0
0.4910000000000004,7.5211230188219895,0.0530833080155419,2,0
0.4920000000000004,7.522365949994868,0.05294272524407289,2,0
0.4930000000000004,7.523595509200721,0.05280365492013563,2,0
0.4940000000000004,7.524811840300693,0.05266608077219476,2,0
0.4950000000000004,7.526015085608211,0.052529986703770834,2,0
0.4960000000000004,7.527205385905638,0.05239535679155694,2,0
0.4970000000000004,7.528382880460738,0.05226217528355576,2,0
0.4980000000000004,7.529547707042979,0.052130426597236414,2,0
0.4990000000000004,7.530700001939645,0.052000095317711305,2,0
0.5000000000000003,7.5318398999717875,0.05187116619593262,2,0
0.5010000000000003,7.5329675345099965,0.05174362414690803,2,0
0.5020000000000003,7.534083037490005,0.051617454247935846,2,0
0.5030000000000003,7.535186539428127,0.051492641736858996,2,0
0.5040000000000003,7.536278169436531,0.051369172010337756,2,0
0.5050000000000003,7.5373580552383395,0.05124703062214111,2,0
0.5060000000000003,7.53842632318258,0.05112620328145664,2,0
0.5070000000000003,7.5394830982589625,0.05100667585121839,2,0
0.5080000000000003,7.540528504112507,0.050888434346452724,2,0
0.5090000000000003,7.541562663058012,0.05077146493264222,2,0
0.5100000000000003,7.542585696094358,0.05065575392410681,2,0
0.5110000000000003,7.5435977229186735,0.05054128778240272,2,0
0.5120000000000003,7.544598861940333,0.05042805311473828,2,0
0.5130000000000003,7.545589230294817,0.05031603667240707,2,0
0.5140000000000003,7.546568943857411,0.05020522534923769,2,0
0.5150000000000003,7.547538117256767,0.05009560618006032,2,0
0.5160000000000003,7.548496863888317,0.049987166339189856,2,0
0.5170000000000003,7.549445295927537,0.04987989313892519,2,0
0.5180000000000003,7.550383524343071,0.0497737740280647,2,0
0.5190000000000003,7.551311658909719,0.04966879659043776,2,0
0.5200000000000004,7.552229808221275,0.04956494854345215,2,0
0.5210000000000004,7.55313807970324,0.04946221773665679,2,0
0.5220000000000004,7.554036579625385,0.049360592150320196,2,0
0.5230000000000004,7.554925413114187,0.0492600598940241,2,0
0.5240000000000004,7.555804684165131,0.04916060920527217,2,0
0.5250000000000004,7.556674495654871,0.049062228448114,2,0
0.5260000000000004,7.557534949353276,0.048964906111783515,2,0
0.5270000000000004,7.558386145935331,0.04886863080935222,2,0
0.5280000000000004,7.559228184992918,0.048773391276396856,2,0
0.5290000000000004,7.560061165046467,0.048679176369681484,2,0
0.5300000000000004,7.560885183556488,0.048585975065853784,2,0
0.5310000000000004,7.561700336934966,0.04849377646015515,2,0
0.5320000000000004,7.56250672055665,0.048402569765144884,2,0
0.5330000000000004,7.563304428770206,0.04831234430943802,2,0
0.5340000000000004,7.564093554909259,0.048223089536456765,2,0
0.5350000000000004,7.564874191303311,0.048134795003195355,2,0
0.5360000000000004,7.565646429288545,0.04804745037899823,2,0
0.5370000000000004,7.566410359218515,0.04796104544435127,2,0
0.5380000000000004,7.56716607047471,0.047875570089686084,2,0
0.5390000000000004,7.567913651477019,0.04779101431419718,2,0
0.5400000000000004,7.5686531896940705,0.04770736822467191,2,0
0.5410000000000004,7.569384771653472,0.047624622034332854,2,0
0.5420000000000004,7.57010848295193,0.04754276606169283,2,0
0.5430000000000004,7.570824408265266,0.04746179072942204,2,0
0.5440000000000004,7.571532631358325,0.04738168656322766,2,0
0.5450000000000004,7.572233235094774,0.04730244419074507,2,0
0.5460000000000004,7.572926301446799,0.047224054340441524,2,0
0.5470000000000004,7.573611911504695,0.047146507840531225,2,0
0.5480000000000004,7.574290145486356,0.04706979561790234,2,0
0.5490000000000004,7.574961082746656,0.04699390869705512,2,0
0.5500000000000004,7.575624801786738,0.0469188381990521,2,0
0.5510000000000004,7.576281380263197,0.04684457534047902,2,0
0.5520000000000004,7.576930894997166,0.04677111143241731,2,0
0.5530000000000004,7.577573421983306,0.046698437879427304,2,0
0.5540000000000004,7.578209036398694,0.046626546178542595,2,0
0.5550000000000004,7.578837812611622,0.04655542791827528,2,0
0.5560000000000004,7.579459824190296,0.04648507477763163,2,0
0.5570000000000004,7.580075143911448,0.04641547852513869,2,0
0.5580000000000004,7.580683843768845,0.04634663101788106,2,0
0.5590000000000004,7.581285994981714,0.046278524200548156,2,0
0.5600000000000004,7.5818816680030805,0.04621115010449177,2,0
0.5610000000000004,7.582470932528004,0.04614450084679375,2,0
0.5620000000000004,7.583053857501737,0.0460785686293436,2,0
0.5630000000000004,7.583630511127789,0.04601334573792608,2,0
0.5640000000000004,7.5842009608759104,0.045948824541318746,2,0
0.5650000000000004,7.584765273489983,0.04588499749039891,2,0
0.5660000000000004,7.585323514995829,0.04582185711726054,2,0
0.5670000000000004,7.585875750708939,0.045759396034340385,2,0
0.5680000000000004,7.586422045242114,0.04569760693355364,2,0
0.5690000000000004,7.58696246251302,0.04563648258543891,2,0
0.5700000000000004,7.587497065751673,0.04557601583831233,2,0
0.5710000000000004,7.588025917507835,0.045516199617430815,2,0
0.5720000000000004,7.588549079658329,0.045457026924164284,2,0
0.5730000000000004,7.589066613414285,0.0453984908351768,2,0
0.5740000000000004,7.589578579328294,0.04534058450161656,2,0
0.5750000000000004,7.5900850373015025,0.0452833011483145,2,0
0.5760000000000004,7.590586046590612,0.04522663407299163,2,0
0.5770000000000004,7.591081665814817,0.04517057664547485,2,0
0.5780000000000004,7.591571952962662,0.04511512230692124,2,0
0.5790000000000004,7.592056965398827,0.045060264569050566,2,0
0.5800000000000004,7.59253675987084,0.04500599701338626,2,0
0.5810000000000004,7.593011392515715,0.04495231329050433,2,0
0.5820000000000004,7.59348091886652,0.0448992071192905,2,0
0.5830000000000004,7.593945393858877,0.04484667228620532,2,0
0.5840000000000004,7.594404871837386,0.04479470264455719,2,0
0.5850000000000004,7.594859406561987,0.04474329211378314,2,0
0.5860000000000004,7.595309051214247,0.044692434678737396,2,0
0.5870000000000004,7.595753858403586,0.04464212438898768,2,0
0.5880000000000004,7.596193880173426,0.04459235535811881,2,0
0.5890000000000004,7.596629168007289,0.044543121763044154,2,0
0.5900000000000004,7.597059772834813,0.04449441784332426,2,0
0.5910000000000004,7.597485745037715,0.04444623790049284,2,0
0.5920000000000004,7.597907134455684,0.04439857629739007,2,0
0.5930000000000004,7.598323990392214,0.04435142745750301,2,0
0.5940000000000004,7.598736361620372,0.044304785864313134,2,0
0.5950000000000004,7.599144296388501,0.04425864606065094,2,0
0.5960000000000004,7.599547842425873,0.04421300264805742,2,0
0.5970000000000004,7.599947046948266,0.04416785028615239,2,0
0.5980000000000004,7.600341956663491,0.04412318369200964,2,0
0.5990000000000004,7.600732617776858,0.04407899763953893,2,0
0.6000000000000004,7.60111907599658,0.04403528695887446,2,0
0.6010000000000004,7.601501376539125,0.04399204653576996,2,0
0.6020000000000004,7.6018795641345,0.043949271311000314,2,0
0.6030000000000004,7.602253683031492,0.04390695627976968,2,0
0.6040000000000004,7.602623777002837,0.04386509649112579,2,0
0.6050000000000004,7.602989889350348,0.04382368704738087,2,0
0.6060000000000004,7.60335206290998,0.043782723103538444,2,0
0.6070000000000004,7.603710340056839,0.04374219986672655,2,0
0.6080000000000004,7.604064762710144,0.04370211259563682,2,0
0.6090000000000004,7.604415372338129,0.043662456599969986,2,0
0.6100000000000004,7.604762209962895,0.043623227239886916,2,0
0.6110000000000004,7.605105316165211,0.043584419925465655,2,0
0.6120000000000004,7.605444731089262,0.0435460301161647,2,0
0.6130000000000004,7.605780494447345,0.04350805332029145,2,0
0.6140000000000004,7.6061126455245125,0.04347048509447681,2,0
0.6150000000000004,7.606441223183178,0.04343332104315538,2,0
0.6160000000000004,7.606766265867652,0.043396556818050915,2,0
0.6170000000000004,7.607087811608648,0.043360188117667835,2,0
0.6180000000000004,7.607405898027729,0.043324210686787774,2,0
0.6190000000000004,7.607720562341708,0.043288620315971756,2,0
0.6200000000000004,7.608031841367006,0.04325341284106776,2,0
0.6210000000000004,7.608339771523957,0.04321858414272334,2,0
0.6220000000000004,7.6086443888410695,0.04318413014590386,2,0
0.6230000000000004,7.608945728959244,0.04315004681941547,2,0
0.6240000000000004,7.609243827135941,0.043116330175433655,2,0
0.6250000000000004,7.609538718249305,0.04308297626903652,2,0
0.6260000000000004,7.609830436802249,0.04304998119774324,2,0
0.6270000000000004,7.610119016926488,0.043017341101057566,2,0
0.6280000000000004,7.610404492386534,0.04298505216001606,2,0
0.6290000000000004,7.6106868965836485,0.04295311059674118,2,0
0.6300000000000004,7.610966262559746,0.04292151267399945,2,0
0.6310000000000004,7.611242623001263,0.04289025469476405,2,0
0.6320000000000005,7.611516010242982,0.042859333001782234,2,0
0.6330000000000005,7.611786456271817,0.04282874397714765,2,0
0.6340000000000005,7.61205399273055,0.042798484041876694,2,0
0.6350000000000005,7.612318650921536,0.042768549655490117,2,0
0.6360000000000005,7.612580461810371,0.0427389373155985,2,0
0.6370000000000005,7.612839456029507,0.04270964355749264,2,0
0.6380000000000005,7.61309566388184,0.042680664953738054,2,0
0.6390000000000005,7.6133491153442545,0.04265199811377404,2,0
0.6400000000000005,7.613599840071133,0.04262363968351695,2,0
0.6410000000000005,7.613847867397824,0.04259558634496775,2,0
0.6420000000000005,7.61409322634407,0.04256783481582378,2,0
0.6430000000000005,7.6143359456174124,0.042540381849094866,2,0
0.6440000000000005,7.614576053616543,0.042513224232723086,2,0
0.6450000000000005,7.614813578434627,0.04248635878920734,2,0
0.6460000000000005,7.615048547862594,0.042459782375231306,2,0
0.6470000000000005,7.615280989392387,0.04243349188129588,2,0
0.6480000000000005,7.615510930220178,0.04240748423135508,2,0
0.6490000000000005,7.615738397249553,0.04238175638245638,2,0
0.6500000000000005,7.6159634170946555,0.04235630532438462,2,0
0.6510000000000005,7.616186016083307,0.04233112807930971,2,0
0.6520000000000005,7.616406220260081,0.04230622170143832,2,0
0.6530000000000005,7.616624055389352,0.04228158327666914,2,0
0.6540000000000005,7.616839546958312,0.04225720992225204,2,0
0.6550000000000005,7.617052720179952,0.04223309878645064,2,0
0.6560000000000005,7.617263599996009,0.04220924704820875,2,0
0.6570000000000005,7.617472211079888,0.04218565191682034,2,0
0.6580000000000005,7.617678577839547,0.0421623106316028,2,0
0.6590000000000005,7.617882724420353,0.04213922046157415,2,0
0.6600000000000005,7.618084674707908,0.04211637870513348,2,0
0.6610000000000005,7.618284452330841,0.0420937826897448,2,0
0.6620000000000005,7.6184820806635765,0.042071429771624314,2,0
0.6630000000000005,7.618677582829066,0.04204931733543121,2,0
0.6640000000000005,7.6188709817014955,0.04202744279396158,2,0
0.6650000000000005,7.61906229990896,0.042005803587845655,2,0
0.6660000000000005,7.619251559836113,0.0419843971852485,2,0
0.6670000000000005,7.619438783626784,0.04196322108157374,2,0
0.6680000000000005,7.61962399318657,0.04194227279917039,2,0
0.6690000000000005,7.6198072101854,0.04192154988704311,2,0
0.6700000000000005,7.619988456060069,0.04190104992056538,2,0
0.6710000000000005,7.620167752016743,0.04188077050119577,2,0
0.6720000000000005,7.620345119033446,0.04186070925619736,2,0
0.6730000000000005,7.620520577862511,0.04184086383836018,2,0
0.6740000000000005,7.6206941490330085,0.041821231925726426,2,0
0.6750000000000005,7.62086585285315,0.04180181122131895,2,0
0.6760000000000005,7.621035709412661,0.041782599452872396,2,0
0.6770000000000005,7.621203738585136,0.04176359437256743,2,0
0.6780000000000005,7.621369960030359,0.041744793756767574,2,0
0.6790000000000005,7.6215343931966055,0.04172619540575921,2,0
0.6800000000000005,7.621697057322921,0.04170779714349419,2,0
0.6810000000000005,7.621857971441367,0.041689596817335146,2,0
0.6820000000000005,7.622017154379251,0.04167159229780369,2,0
0.6830000000000005,7.62217462476133,0.04165378147833119,2,0
0.6840000000000005,7.622330401011985,0.04163616227501246,2,0
0.6850000000000005,7.622484501357383,0.04161873262636171,2,0
0.6860000000000005,7.622636943827605,0.04160149049307149,2,0
0.6870000000000005,7.622787746258757,0.04158443385777411,2,0
0.6880000000000005,7.622936926295056,0.04156756072480553,2,0
0.6890000000000005,7.623084501390896,0.041550869119971925,2,0
0.6900000000000005,7.623230488812891,0.04153435709031863,2,0
0.6910000000000005,7.6233749056418905,0.04151802270390162,2,0
0.6920000000000005,7.623517768774984,0.04150186404956159,2,0
0.6930000000000005,7.623659094927473,0.04148587923670027,2,0
0.6940000000000005,7.623798900634831,0.0414700663950592,2,0
0.6950000000000005,7.623937202254632,0.04145442367450097,2,0
0.6960000000000005,7.624074015968474,0.0414389492447927,2,0
0.6970000000000005,7.624209357783863,0.04142364129539195,2,0
0.6980000000000005,7.624343243536091,0.0414084980352347,2,0
0.6990000000000005,7.6244756888900875,0.04139351769252606,2,0
0.7000000000000005,7.624606709342252,0.041378698514532845,2,0
0.7010000000000005,7.624736320222265,0.04136403876737839,2,0.12
0.7020000000000005,7.581116615133125,0.04184381943319867,2,0.12
0.7030000000000005,7.537601901538643,0.04391511549019066,2,0.12
0.7040000000000005,7.494322193329436,0.04698600101318384,2,0.12
0.7050000000000005,7.45135889401728,0.050677847608884934,2,0.12
0.7060000000000005,7.408762315894494,0.05474853510754682,2,0.12
0.7070000000000005,7.366562892086994,0.05904330642927136,2,0.12
0.7080000000000005,7.324778352061525,0.06346331472182375,2,0.12
0.7090000000000005,7.283418313745808,0.06794549355196239,2,0.12
0.7100000000000005,7.242487222283141,0.07244967385077002,2,0.12
0.7110000000000005,7.201986230635234,0.07695033878129973,2,0.12
0.7120000000000005,7.161914402970061,0.08143134687625861,2,0.12
0.7130000000000005,7.122269484634257,0.08588255486827481,2,0.12
0.7140000000000005,7.083048394741733,0.09029765632317986,2,0.12
0.7150000000000005,7.044247541238741,0.09467279838698439,2,0.12
0.7160000000000005,7.005863022355948,0.0990056965253854,2,0.12
0.7170000000000005,6.967890755350221,0.10329506797826209,2,0.12
0.7180000000000005,6.930326558713853,0.10754026919153677,2,0.12
0.7190000000000005,6.893166204604937,0.11174106379432346,2,0.12
0.7200000000000005,6.856405452221264,0.11589747412483732,2,0.12
0.7210000000000005,6.8200400689800125,0.12000968622729014,2,0.12
0.7220000000000005,6.784065843895095,0.12407798906999808,2,0.12
0.7230000000000005,6.7484785959629,0.12810273566484973,2,0.12
0.7240000000000005,6.713274179355305,0.13208431820343003,2,0.12
0.7250000000000005,6.6784484865712175,0.13602315216359323,2,0.12
0.7260000000000005,6.643997450283417,0.1399196661569132,2,0.12
0.7270000000000005,6.6099170443522235,0.14377429545008877,2,0.12
0.7280000000000005,6.576203284307746,0.1475874778374754,2,0.12
0.7290000000000005,6.542852227493811,0.15135965101813437,2,0.12
0.7300000000000005,6.509859972997142,0.15509125093557427,2,0.12
0.7310000000000005,6.477222661440851,0.15878271073341554,2,0.12
0.7320000000000005,6.444936474692819,0.16243446010505108,2,0.12
0.7330000000000005,6.412997635521331,0.1660469248952693,2,0.12
0.7340000000000005,6.381402407218644,0.16962052686294177,2,0.12
0.7350000000000005,6.350147093205706,0.17315568354660227,2,0.12
0.7360000000000005,6.319228036626487,0.17665280819568815,2,0.12
0.7370000000000005,6.288641619937286,0.18011230974362036,2,0.12
0.7380000000000005,6.2583842644944685,0.18353459280747575,2,0.12
0.7390000000000005,6.228452430142786,0.18692005770449718,2,0.12
0.7400000000000005,6.1988426148056766,0.19026910047919962,2,0.12
0.7410000000000005,6.16955135407839,0.19358211293707955,2,0.12
0.7420000000000005,6.140575220824492,0.1968594826823752,2,0.12
0.7430000000000005,6.1119108247760625,0.20010159315824433,2,0.12
0.7440000000000005,6.08355481213778,0.20330882368831754,2,0.12
0.7450000000000006,6.055503865195003,0.20648154951896122,2,0.12
0.7460000000000006,6.027754701925903,0.2096201418618263,2,0.12
0.7470000000000006,6.000304075617657,0.21272496793641285,2,0.12
0.7480000000000006,5.973148774486699,0.21579639101248033,2,0.12
0.7490000000000006,5.946285621303018,0.21883477045219552,2,0.12
0.7500000000000006,5.919711473018468,0.22184046175195105,2,0.12
0.7510000000000006,5.893423220399055,0.22481381658381383,2,0.12
0.7520000000000006,5.8674177876611715,0.22775518283657809,2,0.12
0.7530000000000006,5.841692132111738,0.23066490465640963,2,0.12
0.7540000000000006,5.816243243792208,0.23354332248707352,2,0.12
0.7550000000000006,5.791068145126404,0.2363907731097424,2,0.12
0.7560000000000006,5.7661638905721375,0.23920758968238473,2,0.12
0.7570000000000006,5.741527566276575,0.2419941017787353,2,0.12
0.7580000000000006,5.717156289735311,0.2447506354268495,2,0.12
0.7590000000000006,5.693047209455116,0.24747751314724528,2,0.12
0.7600000000000006,5.669197504620298,0.2501750539906362,2,0.12
0.7610000000000006,5.645604384762666,0.2528435735752594,2,0.12
0.7620000000000006,5.622265089435037,0.2554833841238022,2,0.12
0.7630000000000006,5.5991768878882615,0.25809479449993294,2,0.12
0.7640000000000006,5.576337078751715,0.26067811024443727,2,0.12
0.7650000000000006,5.553742989717235,0.26323363361096763,2,0.12
0.7660000000000006,5.531391977226455,0.2657616636014071,2,0.12
0.7670000000000006,5.509281426161498,0.26826249600085317,2,0.12
0.7680000000000006,5.487408749539011,0.27073642341222504,2,0.12
0.7690000000000006,5.46577138820747,0.273183735290499,2,0.12
0.7700000000000006,5.444366810547766,0.27560471797657526,2,0.12
0.7710000000000006,5.423192512176992,0.2779996547307803,2,0.12
0.7720000000000006,5.402246015655424,0.28036882576600897,2,0.12
0.7730000000000006,5.381524870196665,0.28271250828051014,2,0.12
0.7740000000000006,5.361026651380883,0.28503097649031933,2,0.12
0.7750000000000006,5.340748960871161,0.28732450166134266,2,0.12
0.7760000000000006,5.320689426132879,0.2895933521410957,2,0.12
0.7770000000000006,5.300845700156125,0.2918377933901005,2,0.12
0.7780000000000006,5.28121546118109,0.29405808801294525,2,0.12
0.7790000000000006,5.261796412426417,0.29625449578900936,2,0.12
0.7800000000000006,5.242586281820468,0.2984272737028584,2,0.12
0.7810000000000006,5.223582821735494,0.3005766759743118,2,0.12
0.7820000000000006,5.2047838087246525,0.3027029540881872,2,0.12
0.7830000000000006,5.18618704326186,0.3048063568237247,2,0.12
0.7840000000000006,5.167790349484445,0.3068871302836945,2,0.12
0.7850000000000006,5.149591574938563,0.30894551792319164,2,0.12
0.7860000000000006,5.131588590327359,0.3109817605781205,2,0.12
0.7870000000000006,5.113779289261833,0.3129960964933734,2,0.12
0.7880000000000006,5.096161588014389,0.31498876135070575,2,0.12
0.7890000000000006,5.078733425275029,0.31695998829631117,2,0.12
0.7900000000000006,5.061492761910185,0.3189100079681003,2,0.12
0.7910000000000006,5.044437580724129,0.3208390485226858,2,0.12
0.7920000000000006,5.027565886222954,0.32274733566207714,2,0.12
0.7930000000000006,5.010875704381105,0.32463509266008855,2,0.12
0.7940000000000006,4.994365082410408,0.32650254038846227,2,0.12
0.7950000000000006,4.978032088531592,0.328349897342711,2,0.12
0.7960000000000006,4.961874811748262,0.33017737966768235,2,0.12
0.7970000000000006,4.945891361623317,0.33198520118284863,2,0.12
0.7980000000000006,4.930079868057755,0.3337735734073239,2,0.12
0.7990000000000006,4.914438481071872,0.33554270558461197,2,0.12
0.8000000000000006,4.898965370588812,0.3372928047070889,2,0.12
0.8010000000000006,4.88365872622044,0.33902407554022107,2,0.12
0.8020000000000006,4.868516757055526,0.34073672064652344,2,0.12
0.8030000000000006,4.853537691450203,0.3424309404092597,2,0.12
0.8040000000000006,4.838719776820677,0.34410693305588763,2,0.12
0.8050000000000006,4.82406127943818,0.3457648946812522,2,0.12
0.8060000000000006,4.809560484226109,0.3474050192705289,2,0.12
0.8070000000000006,4.795215694559368,0.34902749872192074,2,0.12
0.8080000000000006,4.781025232065852,0.3506325228691104,2,0.12
0.8090000000000006,4.766987436430078,0.3522202795034715,2,0.12
0.8100000000000006,4.753100665198921,0.35379095439604036,2,0.12
0.8110000000000006,4.739363293589446,0.3553447313192519,2,0.12
0.8120000000000006,4.725773714298804,0.3568817920684413,2,0.12
0.8130000000000006,4.7123303373161765,0.3584023164831142,2,0.12
0.8140000000000006,4.699031589736734,0.35990648246798873,2,0.12
0.8150000000000006,4.68587591557761,0.3613944660138105,2,0.12
0.8160000000000006,4.672861775595844,0.362866441217944,2,0.12
0.8170000000000006,4.659987647108285,0.36432258030474224,2,0.12
0.8180000000000006,4.64725202381344,0.36576305364569767,2,0.12
0.8190000000000006,4.634653415615227,0.36718802977937576,2,0.12
0.8200000000000006,4.622190348448633,0.3685976754311344,2,0.12
0.8210000000000006,4.609861364107248,0.3699921555326313,2,0.12
0.8220000000000006,4.597665020072646,0.3713716332411213,2,0.12
0.8230000000000006,4.585599889345612,0.372736269958546,2,0.12
0.8240000000000006,4.573664560279177,0.3740862253504182,2,0.12
0.8250000000000006,4.561857636413454,0.3754216573645032,2,0.12
0.8260000000000006,4.550177736312249,0.3767427222492991,2,0.12
0.8270000000000006,4.538623493401428,0.3780495745723179,2,0.12
0.8280000000000006,4.527193555809025,0.37934236723817066,2,0.12
0.8290000000000006,4.515886586207075,0.38062125150645737,2,0.12
0.8300000000000006,4.504701261655136,0.38188637700946465,2,0.12
0.8310000000000006,4.493636273445507,0.38313789176967333,2,0.12
0.8320000000000006,4.482690326950105,0.3843759422170772,2,0.12
0.8330000000000006,4.471862141468991,0.3856006732063157,2,0.12
0.8340000000000006,4.461150450080526,0.3868122280336222,2,0.12
0.8350000000000006,4.450553999493135,0.38801074845358985,2,0.12
0.8360000000000006,4.440071549898673,0.3891963746957576,2,0.12
0.8370000000000006,4.429701874827363,0.3903692454810168,2,0.12
0.8380000000000006,4.419443761004297,0.3915294980378425,2,0.12
0.8390000000000006,4.40929600820748,0.3926772681183487,2,0.12
0.8400000000000006,4.399257429127399,0.3938126900141724,2,0.12
0.8410000000000006,4.389326849228109,0.39493589657218564,2,0.12
0.8420000000000006,4.379503106609807,0.3960470192100387,2,0.12
0.8430000000000006,4.3697850518728885,0.39714618793153683,2,0.12
0.8440000000000006,4.360171547983465,0.39823353134185036,2,0.12
0.8450000000000006,4.350661470140328,0.3993091766625622,2,0.12
0.8460000000000006,4.341253705643346,0.40037324974655303,2,0.12
0.8470000000000006,4.331947153763272,0.4014258750927259,2,0.12
0.8480000000000006,4.322740725612963,0.4024671758605736,2,0.12
0.8490000000000006,4.313633344019971,0.403497273884588,2,0.12
0.8500000000000006,4.304623943400516,0.40451628968851533,2,0.12
0.8510000000000006,4.295711469634808,0.40552434249945735,2,0.12
0.8520000000000006,4.286894879943713,0.4065215502618215,2,0.12
0.8530000000000006,4.278173142766743,0.40750802965112076,2,0.12
0.8540000000000006,4.26954523764137,0.4084838960876244,2,0.12
0.8550000000000006,4.261010155083617,0.40944926374986296,2,0.12
0.8560000000000006,4.252566896469956,0.41040424558798727,2,0.12
0.8570000000000007,4.244214473920464,0.41134895333698357,2,0.12
0.8580000000000007,4.235951910183238,0.41228349752974697,2,0.12
0.8590000000000007,4.227778238520052,0.41320798751001414,2,0.12
0.8600000000000007,4.2196925025932535,0.41412253144515665,2,0.12
0.8610000000000007,4.211693756353861,0.4150272363388367,2,0.12
0.8620000000000007,4.203781063930881,0.41592220804352703,2,0.12
0.8630000000000007,4.195953499521808,0.41680755127289565,2,0.12
0.8640000000000007,4.188210147284301,0.4176833696140577,2,0.12
0.8650000000000007,4.180550101229029,0.4185497655396954,2,0.12
0.8660000000000007,4.172972465113668,0.4194068404200474,2,0.12
0.8670000000000007,4.165476352338041,0.42025469453476955,2,0.12
0.8680000000000007,4.158060885840381,0.4210934270846677,2,0.12
0.8690000000000007,4.150725197994714,0.42192313620330435,2,0.12
0.8700000000000007,4.143468430509344,0.4227439189684808,2,0.12
0.8710000000000007,4.136289734326431,0.423555871413595,2,0.12
0.8720000000000007,4.129188269522652,0.4243590885388782,2,0.12
0.8730000000000007,4.122163205210926,0.4251536643225099,2,0.12
0.8740000000000007,4.115213719443196,0.4259396917316133,2,0.12
0.8750000000000007,4.108338999114265,0.426717262733133,2,0.12
0.8760000000000007,4.101538239866654,0.4274864683045952,2,0.12
0.8770000000000007,4.094810645996498,0.42824739844475235,2,0.12
0.8780000000000007,4.08815543036044,0.42900014218411303,2,0.12
0.8790000000000007,4.081571814283537,0.42974478759535906,2,0.12
0.8800000000000007,4.0750590274681535,0.4304814218036497,2,0.12
0.8810000000000007,4.0686163079038336,0.4312101309968158,2,0.12
0.8820000000000007,4.062242901778145,0.4319310004354441,2,0.12
0.8830000000000007,4.0559380633884805,0.4326441144628525,2,0.12
0.8840000000000007,4.049701055054809,0.4333495565149589,2,0.12
0.8850000000000007,4.043531147033369,0.4340474091300428,2,0.12
0.8860000000000007,4.03742761743128,0.43473775395840314,2,0.12
0.8870000000000007,4.031389752122086,0.4354206717719109,2,0.12
0.8880000000000007,4.025416844662197,0.43609624247346007,2,0.12
0.8890000000000007,4.019508196208235,0.4367645451063163,2,0.12
0.8900000000000007,4.013663115435268,0.43742565786336507,2,0.12
0.8910000000000007,4.007880918455924,0.4380796580962606,2,0.12
0.8920000000000007,4.0021609287403725,0.43872662232447596,2,0.12
0.8930000000000007,3.9965024770371715,0.43936662624425615,2,0.12
0.8940000000000007,3.990904901294962,0.43999974473747466,2,0.12
0.8950000000000007,3.985367546585007,0.44062605188039494,2,0.12
0.8960000000000007,3.9798897650245637,0.4412456209523374,2,0.12
0.8970000000000007,3.9744709157010796,0.441858524444253,2,0.12
0.8980000000000007,3.969110364597204,0.4424648340672055,2,0.12
0.8990000000000007,3.9638074845166065,0.44306462076076114,2,0.12
0.9000000000000007,3.9585616550105938,0.443657954701289,2,0.12
0.9010000000000007,3.9533722623055163,0.44424490531017186,2,0.12
0.9020000000000007,3.9482386992309553,0.4448255412619286,2,0.12
0.9030000000000007,3.9431603651486817,0.44539993049224924,2,0.12
0.9040000000000007,3.938136665882381,0.4459681402059436,2,0.12
0.9050000000000007,3.9331670136481325,0.4465302368848044,2,0.12
0.9060000000000007,3.928250826985638,0.4470862862953857,2,0.12
0.9070000000000007,3.923387530690189,0.44763635349669784,2,0.12
0.9080000000000007,3.918576555745368,0.44818050284781946,2,0.12
0.9090000000000007,3.9138173392564695,0.44871879801542763,2,0.12
0.9100000000000007,3.909109324384643,0.4492513019812471,2,0.12
0.9110000000000007,3.9044519602817407,0.44977807704941897,2,0.12
0.9120000000000007,3.8998447020258658,0.4502991848537909,2,0.12
0.9130000000000007,3.8952870105576163,0.450814686365128,2,0.12
0.9140000000000007,3.8907783526170148,0.4513246418982469,2,0.12
0.9150000000000007,3.8863182006811146,0.45182911111907215,2,0.12
0.9160000000000007,3.881906032902278,0.45232815305161805,2,0.12
0.9170000000000007,3.8775413330471213,0.4528218260848939,2,0.12
0.9180000000000007,3.873223590436112,0.45331018797973605,2,0.12
0.9190000000000007,3.868952299883819,0.45379329587556577,2,0.12
0.9200000000000007,3.8647269616398043,0.454271206297075,2,0.12
0.9210000000000007,3.8605470813301523,0.45474397516083964,2,0.12
0.9220000000000007,3.856412169899626,0.45521165778186184,2,0.12
0.9230000000000007,3.852321743554447,0.4556743088800423,2,0.12
0.9240000000000007,3.848275323705689,0.4561319825865823,2,0.12
0.9250000000000007,3.844272436913285,0.4565847324503172,2,0.12
0.9260000000000007,3.84031261483063,0.4570326114439822,2,0.12
0.9270000000000007,3.836395394149786,0.45747567197040956,2,0.12
0.9280000000000007,3.8325203165472734,0.4579139658686604,2,0.12
0.9290000000000007,3.828686928630446,0.4583475444200899,2,0.12
0.9300000000000007,3.8248947818844425,0.4587764583543471,2,0.12
0.9310000000000007,3.8211434326197096,0.45920075785531045,2,0.12
0.9320000000000007,3.81743244192009,0.4596204925669597,2,0.12
0.9330000000000007,3.8137613755914685,0.460035711599184,2,0.12
0.9340000000000007,3.810129804110968,0.4604464635335281,2,0.12
0.9350000000000007,3.8065373025766966,0.46085279642887633,2,0.12
0.9360000000000007,3.802983450658033,0.46125475782707587,2,0.12
0.9370000000000007,3.7994678325464455,0.4616523947584989,2,0.12
0.9380000000000007,3.795990036906843,0.4620457537475455,2,0.12
0.9390000000000007,3.792549656829447,0.4624348808180869,2,0.12
0.9400000000000007,3.7891462897821824,0.46281982149885087,2,0.12
0.9410000000000007,3.7857795375635805,0.4632006208287479,2,0.12
0.9420000000000007,3.7824490062561886,0.4635773233621416,2,0.12
0.9430000000000007,3.7791543061804806,0.463949973174061,2,0.12
0.9440000000000007,3.775895051849264,0.4643186138653581,2,0.12
0.9450000000000007,3.7726708619225766,0.4646832885678087,2,0.12
0.9460000000000007,3.7694813591630685,0.4650440399491592,2,0.12
0.9470000000000007,3.766326170391866,0.46540091021811875,2,0.12
0.9480000000000007,3.7632049264449066,0.46575394112929785,2,0.12
0.9490000000000007,3.760117262129749,0.46610317398809353,2,0.12
0.9500000000000007,3.7570628161828425,0.46644864965552235,2,0.12
0.9510000000000007,3.7540412312272577,0.46679040855300113,2,0.12
0.9520000000000007,3.751052153730875,0.4671284906670765,2,0.12
0.9530000000000007,3.7480952339650195,0.46746293555410323,2,0.12
0.9540000000000007,3.745170125963541,0.4677937823448725,2,0.12
0.9550000000000007,3.742276487482336,0.4681210697491902,2,0.12
0.9560000000000007,3.7394139799593065,0.4684448360604062,2,0.12
0.9570000000000007,3.7365822684747423,0.46876511915989477,2,0.12
0.9580000000000007,3.73378102171214,0.4690819565214866,2,0.12
0.9590000000000007,3.7310099119194358,0.4693953852158534,2,0.12
0.9600000000000007,3.7282686148706574,0.4697054419148453,2,0.12
0.9610000000000007,3.7255568098279896,0.4700121628957817,2,0.12
0.9620000000000007,3.7228741795042475,0.47031558404569535,2,0.12
0.9630000000000007,3.7202204100257523,0.47061574086553165,2,0.12
0.9640000000000007,3.717595190895608,0.4709126684743021,2,0.12
0.9650000000000007,3.714998214957373,0.4712064016131933,2,0.12
0.9660000000000007,3.7124291783591206,0.4714969746496319,2,0.12
0.9670000000000007,3.709887780517889,0.4717844215813056,2,0.12
0.9680000000000007,3.7073737240845133,0.4720687760401409,2,0.12
0.9690000000000007,3.704886714908832,0.47235007129623807,2,0.12
0.9700000000000008,3.702426462005273,0.4726283402617639,2,0.12
0.9710000000000008,3.6999926775188086,0.47290361549480275,2,0.12
0.9720000000000008,3.6975850766912726,0.4731759292031653,2,0.12
0.9730000000000008,3.695203377828045,0.47344531324815753,2,0.12
0.9740000000000008,3.6928473022650947,0.4737117991483082,2,0.12
0.9750000000000008,3.690516574336371,0.4739754180830568,2,0.12
0.9760000000000008,3.688210921341554,0.4742362008964015,2,0.12
0.9770000000000008,3.6859300735141454,0.47449417810050804,2,0.12
0.9780000000000008,3.6836737639899075,0.4747493798792795,2,0.12
0.9790000000000008,3.681441728775638,0.4750018360918884,2,0.12
0.9800000000000008,3.679233706718281,0.4752515762762695,2,0.12
0.9810000000000008,3.6770494394743762,0.47549862965257667,2,0.12
0.9820000000000008,3.6748886714798257,0.47574302512660105,2,0.12
0.9830000000000008,3.672751149919997,0.47598479129315346,2,0.12
0.9840000000000008,3.670636624700143,0.4762239564394098,2,0.12
0.9850000000000008,3.6685448484161385,0.47646054854822095,2,0.12
0.9860000000000008,3.6664755763255323,0.47669459530138675,2,0.12
0.9870000000000008,3.6644285663189162,0.4769261240828947,2,0.12
0.9880000000000008,3.6624035788915936,0.4771551619821241,2,0.12
0.9890000000000008,3.6604003771155584,0.4773817357970155,2,0.12
0.9900000000000008,3.6584187266117745,0.47760587203720617,2,0.12
0.9910000000000008,3.6564583955227516,0.4778275969271318,2,0.12
0.9920000000000008,3.654519154485419,0.4780469364090945,2,0.12
0.9930000000000008,3.652600776604288,0.47826391614629876,2,0.12
0.9940000000000008,3.650703037424905,0.4784785615258535,2,0.12
0.9950000000000008,3.648825714907591,0.4786908976617426,2,0.12
0.9960000000000008,3.6469685894014603,0.4789009493977634,2,0.12
0.9970000000000008,3.6451314436187237,0.4791087413104334,2,0.12
0.9980000000000008,3.643314062609263,0.4793142977118658,2,0.12
0.9990000000000008,3.6415162337354823,0.479517642652614,2,0.12
1.0000000000000007,3.6397377466474286,0.4797187999244855,2,0.12
1.0010000000000006,3.6379783932581806,0.479917793063326,2,0
1.0020000000000004,3.679985889281264,0.4796203626544138,2,0
1.0030000000000003,3.721905738620843,0.4777294550549353,2,0
1.0040000000000002,3.7636077407836575,0.4748370172959092,2,0
1.0050000000000001,3.8050103076628368,0.4713216986494117,2,0
1.006,3.8460629443569148,0.46742563993935027,2,0
1.007,3.8867350370954163,0.4633036186775773,2,0
1.0079999999999998,3.9270086777104845,0.4590545019284666,2,0
1.0089999999999997,3.9668740714958264,0.45474137611994814,2,0
1.0099999999999996,4.00632659843143,0.4504044301005164,2,0
1.0109999999999995,4.045364932560268,0.44606920027389874,2,0
1.0119999999999993,4.0839898385802025,0.441751847463661,2,0
1.0129999999999992,4.122203401851565,0.437462534085205,2,0
1.0139999999999991,4.16000853578874,0.43320758551472716,2,0
1.014999999999999,4.197408666775498,0.4289908733444582,2,0
1.015999999999999,4.23440753269354,0.424814700645349,2,0
1.0169999999999988,4.271009054161538,0.4206803685147432,2,0
1.0179999999999987,4.307217252306943,0.41658853864666207,2,0
1.0189999999999986,4.34303619631684,0.4125394653567779,2,0
1.0199999999999985,4.37846997004549,0.4085331440586045,2,0
1.0209999999999984,4.413522650816279,0.404569406268679,2,0
1.0219999999999982,4.448198296026202,0.40064798039050775,2,0
1.0229999999999981,4.482500934742157,0.3967685305971318,2,0
1.023999999999998,4.516434562490147,0.3929306816970132,2,0
1.024999999999998,4.550003138086157,0.38913403502945115,2,0
1.0259999999999978,4.583210581771917,0.38537817861909945,2,0
1.0269999999999977,4.616060774184025,0.3816626936565073,2,0
1.0279999999999976,4.648557555854671,0.37798715862751375,2,0
1.0289999999999975,4.680704727050868,0.37435115193810264,2,0
1.0299999999999974,4.7125060478286125,0.3707542535765458,2,0
1.0309999999999973,4.7439652382229145,0.36719604615960266,2,0
1.0319999999999971,4.775085978523113,0.3636761155847036,2,0
1.032999999999997,4.805871909601111,0.36019405143015076,2,0
1.033999999999997,4.836326633271857,0.3567494471942353,2,0
1.0349999999999968,4.86645371267284,0.3533419004314432,2,0
1.0359999999999967,4.896256672654146,0.3499710128229799,2,0
1.0369999999999966,4.925739000173706,0.34663639020543735,2,0
1.0379999999999965,4.95490414469428,0.34333764257284966,2,0
1.0389999999999964,4.983755518580024,0.34007438406189244,2,0
1.0399999999999963,5.012296497491239,0.33684623292646826,2,0
1.0409999999999962,5.04053042077645,0.3336528115056695,2,0
1.041999999999996,5.06846059186127,0.3304937461876737,2,0
1.042999999999996,5.096090278633737,0.3273686673712026,2,0
1.0439999999999958,5.123422713825897,0.32427720942558863,2,0
1.0449999999999957,5.1504610953915675,0.32121901065011366,2,0
1.0459999999999956,5.17720858688019,0.3181937132330454,2,0
1.0469999999999955,5.203668317806774,0.3152009632106405,2,0
1.0479999999999954,5.229843384017936,0.3122404104262855,2,0
1.0489999999999953,5.255736848054034,0.30931170848988276,2,0
1.0499999999999952,5.281351739507439,0.3064145147375501,2,0
1.050999999999995,5.3066910553769775,0.3035484901916735,2,0
1.051999999999995,5.331757760418557,0.30071329952133946,2,0
1.0529999999999948,5.356554787492043,0.2979086110031601,2,0
1.0539999999999947,5.381085037904396,0.29513409648249866,2,0
1.0549999999999946,5.405351381749126,0.2923894313350998,2,0
1.0559999999999945,5.429356658242102,0.2896742944291227,2,0
1.0569999999999944,5.453103676053735,0.2869883680875783,2,0
1.0579999999999943,5.476595213637604,0.28433133805116706,2,0
1.0589999999999942,5.499834019555539,0.28170289344151356,2,0
1.059999999999994,5.522822812799206,0.2791027267247957,2,0
1.060999999999994,5.545564283108238,0.2765305336757645,2,0
1.0619999999999938,5.568061091284935,0.27398601334215017,2,0
1.0629999999999937,5.590315869505589,0.27146886800945036,2,0
1.0639999999999936,5.612331221628452,0.2689788031660978,2,0
1.0649999999999935,5.634109723498394,0.2665155274690016,2,0
1.0659999999999934,5.655653923248281,0.26407875270946,2,0
1.0669999999999933,5.676966341597114,0.26166819377943934,2,0
1.0679999999999932,5.698049472144956,0.25928356863821583,2,0
1.068999999999993,5.7189057816646915,0.2569245982793762,2,0
1.069999999999993,5.7395377103906435,0.2545910066981733,2,0
1.0709999999999928,5.759947672304086,0.25228252085923325,2,0
1.0719999999999927,5.780138055415684,0.24999887066460927,2,0
1.0729999999999926,5.800111222044897,0.24773978892217996,2,0
1.0739999999999925,5.81986950909638,0.24550501131438718,2,0
1.0749999999999924,5.839415228333396,0.24329427636731019,2,0
1.0759999999999923,5.8587506666483105,0.24110732542007274,2,0
1.0769999999999922,5.877878086330151,0.23894390259457907,2,0
1.077999999999992,5.8967997253293065,0.2368037547655758,2,0
1.078999999999992,5.915517797519373,0.23468663153103556,2,0
1.0799999999999919,5.934034492956177,0.23259228518285935,2,0
1.0809999999999917,5.952351978134021,0.2305204706778943,2,0
1.0819999999999916,5.970472396239168,0.228470945609263,2,0
1.0829999999999915,5.988397867400597,0.22644347017800137,2,0
1.0839999999999914,6.006130488938061,0.2244378071650016,2,0
1.0849999999999913,6.023672335607485,0.22245372190325707,2,0
1.0859999999999912,6.04102545984371,0.22049098225040578,2,0
1.086999999999991,6.058191892000635,0.2185493585615692,2,0
1.087999999999991,6.075173640588774,0.21662862366248323,2,0
1.0889999999999909,6.0919726925102555,0.21472855282291828,2,0
1.0899999999999908,6.108591013291292,0.2128489237303855,2,0
1.0909999999999906,6.125030547312156,0.21098951646412561,2,0
1.0919999999999905,6.141293218034672,0.2091501134693777,2,0
1.0929999999999904,6.1573809282272665,0.20733049953192487,2,0
1.0939999999999903,6.173295560187599,0.2055304617529137,2,0
1.0949999999999902,6.189038975962793,0.20374978952394449,2,0
1.09599999999999,6.2046130175673,0.2019882745024298,2,0
1.09699999999999,6.220019507198417,0.20024571058721774,2,0
1.0979999999999899,6.235260247449493,0.19852189389447783,2,0
1.0989999999999898,6.250337021520831,0.19681662273384604,2,0
1.0999999999999897,6.26525159342833,0.1951296975848266,2,0
1.1009999999999895,6.280005708209873,0.19346092107344753,2,0
1.1019999999999894,6.2946010921295095,0.19181009794916784,2,0
1.1029999999999893,6.309039452879425,0.1901770350620323,2,0
1.1039999999999892,6.323322479779748,0.18856154134007277,2,0
1.104999999999989,6.3374518439762015,0.1869634277669523,2,0
1.105999999999989,6.351429198635635,0.1853825073598497,2,0
1.1069999999999889,6.365256179139442,0.1838185951475823,2,0
1.1079999999999888,6.378934403274912,0.1822715081489638,2,0
1.1089999999999887,6.392465471424509,0.18074106535139509,2,0
1.1099999999999886,6.405850966753119,0.17922708768968532,2,0
1.1109999999999884,6.419092455393289,0.17772939802510102,2,0
1.1119999999999883,6.432191486628464,0.17624782112464035,2,0
1.1129999999999882,6.445149593074257,0.17478218364053053,2,0
1.113999999999988,6.45796829085777,0.1733323140899457,2,0
1.114999999999988,6.470649079794983,0.17189804283494314,2,0
1.115999999999988,6.483193443566237,0.17047920206261508,2,0
1.1169999999999878,6.495602849889825,0.1690756257654544,2,0
1.1179999999999877,6.507878750693721,0.1676871497219314,2,0
1.1189999999999876,6.52002258228546,0.1663136114772793,2,0
1.1199999999999875,6.532035765520185,0.16495485032448692,2,0
1.1209999999999873,6.543919705966892,0.16361070728549543,2,0
1.1219999999999872,6.555675794072887,0.1622810250925977,2,0
1.1229999999999871,6.5673054053264694,0.16096564817003745,2,0
1.123999999999987,6.578809900417865,0.15966442261580677,2,0
1.124999999999987,6.590190625398434,0.15837719618363907,2,0
1.1259999999999868,6.60144891183816,0.15710381826519604,2,0
1.1269999999999867,6.6125860769814455,0.155844139872446,2,0
1.1279999999999866,6.623603423901234,0.15459801362023215,2,0
1.1289999999999865,6.6345022416514725,0.15336529370902804,2,0
1.1299999999999863,6.645283805417932,0.15214583590787883,2,0
1.1309999999999862,6.655949376667411,0.1509394975375258,2,0
1.1319999999999861,6.666500203295323,0.14974613745371265,2,0
1.132999999999986,6.67693751977171,0.1485656160306713,2,0
1.133999999999986,6.687262547285673,0.14739779514478535,2,0
1.1349999999999858,6.697476493888259,0.1462425381584294,2,0
1.1359999999999857,6.707580554633801,0.14509970990398205,2,0
1.1369999999999856,6.717575911719743,0.14396917666801096,2,0
1.1379999999999855,6.727463734624964,0.14285080617562818,2,0
1.1389999999999854,6.737245180246601,0.14174446757501355,2,0
1.1399999999999852,6.746921393035419,0.14065003142210492,2,0
1.1409999999999851,6.756493505129705,0.1395673696654529,2,0
1.141999999999985,6.765962636487735,0.1384963556312384,2,0
1.142999999999985,6.775329895018815,0.13743686400845168,2,0
1.1439999999999848,6.784596376712899,0.13638877083423045,2,0
1.1449999999999847,6.793763165768833,0.13535195347935636,2,0
1.1459999999999846,6.802831334721202,0.13432629063390664,2,0
1.1469999999999845,6.811801944565821,0.13331166229306077,2,0
1.1479999999999844,6.820676044883874,0.1323079497430599,2,0
1.1489999999999843,6.829454673964718,0.1313150355473166,2,0
1.1499999999999841,6.838138858927361,0.1303328035326749,2,0
1.150999999999984,6.846729615840644,0.12936113877581754,2,0
1.151999999999984,6.855227949842118,0.12839992758981983,2,0
1.1529999999999838,6.86363485525565,0.12744905751084795,2,0
1.1539999999999837,6.871951315707757,0.12650841728500054,2,0
1.1549999999999836,6.880178304242699,0.12557789685529164,2,0
1.1559999999999835,6.8883167834363235,0.12465738734877373,2,0
1.1569999999999834,6.896367705508688,0.12374678106379952,2,0
1.1579999999999833,6.904332012435473,0.1228459714574205,2,0
1.1589999999999832,6.912210636058197,0.12195485313292129,2,0
1.159999999999983,6.920004498193243,0.12107332182748777,2,0
1.160999999999983,6.927714510739709,0.12020127440000837,2,0
1.1619999999999828,6.93534157578611,0.11933860881900615,2,0
1.1629999999999827,6.942886585715916,0.11848522415070097,2,0
1.1639999999999826,6.950350423311972,0.11764102054720005,2,0
1.1649999999999825,6.957733961859776,0.11680589923481538,2,0
1.1659999999999824,6.9650380652496615,0.11597976250250709,2,0
1.1669999999999823,6.972263588077873,0.11516251369045118,2,0
1.1679999999999822,6.979411375746557,0.1143540571787298,2,0
1.168999999999982,6.986482264562671,0.11355429837614375,2,0
1.169999999999982,6.99347708183584,0.11276314370914511,2,0
1.1709999999999818,7.000396645975147,0.1119805006108887,2,0
1.1719999999999817,7.0072417665848965,0.11120627751040178,2,0
1.1729999999999816,7.014013244559331,0.11044038382187002,2,0
1.1739999999999815,7.020711872176345,0.10968272993403858,2,0
1.1749999999999814,7.027338433190178,0.10893322719972755,2,0
1.1759999999999813,7.03389370292312,0.10819178792546004,2,0
1.1769999999999812,7.040378448356221,0.10745832536120184,2,0
1.177999999999981,7.046793428219033,0.10673275369021136,2,0
1.178999999999981,7.053139393078382,0.106014988018999,2,0
1.1799999999999808,7.059417085426187,0.1053049443673944,2,0
1.1809999999999807,7.06562723976633,0.10460253965872063,2,0
1.1819999999999806,7.071770582700598,0.10390769171007389,2,0
1.1829999999999805,7.077847833013697,0.10322031922270801,2,0
1.1839999999999804,7.0838597017573495,0.10254034177252233,2,0
1.1849999999999803,7.089806892333488,0.10186767980065192,2,0
1.1859999999999802,7.095690100576559,0.10120225460415895,2,0
1.18699999999998,7.1015100148349335,0.10054398832682428,2,0
1.18799999999998,7.107267316051446,0.09989280395003822,2,0
1.1889999999999799,7.112962677843067,0.09924862528378901,2,0
1.1899999999999797,7.118596766579716,0.0986113769577486,2,0
1.1909999999999796,7.124170241462234,0.09798098441245402,2,0
1.1919999999999795,7.129683754599501,0.09735737389058381,2,0
1.1929999999999794,7.1351379510847455,0.09674047242832823,2,0
1.1939999999999793,7.140533469071013,0.09613020784685233,2,0
1.1949999999999792,7.145870939845835,0.09552650874385098,2,0
1.195999999999979,7.151150987905095,0.09492930448519442,2,0
1.196999999999979,7.156374231026087,0.09433852519666416,2,0
1.1979999999999789,7.161541280339804,0.09375410175577732,2,0
1.1989999999999787,7.166652740402441,0.09317596578369929,2,0
1.1999999999999786,7.1717092092661225,0.09260404963724317,2,0
1.2009999999999785,7.176711278548885,0.09203828640095546,2,0
1.2019999999999784,7.181659533503895,0.09147860987928676,2,0
1.2029999999999783,7.1865545530879205,0.0909249545888467,2,0
1.2039999999999782,7.191396910029074,0.09037725575074225,2,0
1.204999999999978,7.1961871708938245,0.08983544928299853,2,0
1.205999999999978,7.200925896153282,0.08929947179306101,2,0
1.2069999999999779,7.205613640248779,0.08876926057037843,2,0
1.2079999999999778,7.210250951656738,0.08824475357906555,2,0
1.2089999999999776,7.214838372952846,0.08772588945064484,2,0
1.2099999999999775,7.2193764408755365,0.08721260747686614,2,0
1.2109999999999774,7.223865686388789,0.08670484760260375,2,0
1.2119999999999773,7.2283066347442535,0.08620255041882983,2,0
1.2129999999999772,7.232699805542705,0.08570565715566345,2,0
1.213999999999977,7.23704571279484,0.08521410967549428,2,0
1.214999999999977,7.241344864981415,0.08472785046618043,2,0
1.2159999999999769,7.2455977651127395,0.08424682263431936,2,0
1.2169999999999768,7.249804910787531,0.08377096989859137,2,0
1.2179999999999767,7.253966794251135,0.08330023658317433,2,0
1.2189999999999765,7.258083902453118,0.08283456761122965,2,0
1.2199999999999764,7.262156717104241,0.0823739084984581,2,0
1.2209999999999763,7.266185714732822,0.08191820534672511,2,0
1.2219999999999762,7.2701713667404935,0.08146740483775446,2,0
1.222999999999976,7.274114139457349,0.08102145422688996,2,0
1.223999999999976,7.278014494196514,0.0805803013369242,2,0
1.2249999999999759,7.281872887308115,0.08014389455199382,2,0
1.2259999999999758,7.285689770232677,0.07971218281154016,2,0
1.2269999999999757,7.289465589553941,0.07928511560433515,2,0
1.2279999999999756,7.293200787051114,0.0788626429625714,2,0
1.2289999999999754,7.296895799750561,0.07844471545601586,2,0
1.2299999999999753,7.300551059976938,0.07803128418622626,2,0
1.2309999999999752,7.3041669954037705,0.07762230078083006,2,0
1.2319999999999751,7.307744029103499,0.07721771738786463,2,0
1.232999999999975,7.311282579596973,0.0768174866701786,2,0
1.233999999999975,7.314783060902425,0.07642156179989315,2,0
1.2349999999999748,7.318245882583906,0.07602989645292313,2,0
1.2359999999999747,7.321671449799208,0.07564244480355706,2,0
1.2369999999999746,7.325060163347268,0.07525916151909537,2,0
1.2379999999999745,7.328412419715063,0.07488000175454645,2,0
1.2389999999999743,7.331728611123999,0.07450492114737964,2,0
1.2399999999999742,7.335009125575803,0.07413387581233465,2,0
1.2409999999999741,7.3382543468979184,0.07376682233628695,2,0
1.241999999999974,7.341464654788413,0.07340371777316844,2,0
1.242999999999974,7.344640424860408,0.07304451963894243,2,0
1.2439999999999738,7.347782028686024,0.07268918590663316,2,0
1.2449999999999737,7.350889833839852,0.07233767500140831,2,0
1.2459999999999736,7.353964203941967,0.07198994579571491,2,0
1.2469999999999735,7.357005498700468,0.0716459576044671,2,0
1.2479999999999734,7.360014073953564,0.07130567018028601,2,0
1.2489999999999732,7.362990281711212,0.07096904370879074,2,0
1.2499999999999731,7.365934470196299,0.0706360388039399,2,0
1.250999999999973,7.368846983885387,0.07030661650342346,2,0
1.251999999999973,7.371728163549017,0.06998073826410392,2,0
1.2529999999999728,7.374578346291578,0.06965836595750682,2,0
1.2539999999999727,7.377397865590753,0.06933946186535968,2,0
1.2549999999999726,7.380187051336533,0.06902398867517864,2,0
1.2559999999999725,7.382946229869816,0.06871190947590303,2,0
1.2569999999999724,7.385675724020592,0.06840318775357654,2,0
1.2579999999999723,7.3883758531457095,0.06809778738707517,2,0
1.2589999999999721,7.391046933166247,0.06779567264388087,2,0
1.259999999999972,7.39368927660447,0.06749680817590074,2,0
1.260999999999972,7.396303192620404,0.06720115901533133,2,0
1.2619999999999718,7.398888987048,0.06690869057056724,2,0
1.2629999999999717,7.401446962430925,0.06661936862215388,2,0
1.2639999999999716,7.403977418057952,0.06633315931878364,2,0
1.2649999999999715,7.406480649997985,0.06605002917333527,2,0
1.2659999999999714,7.408956951134695,0.06576994505895578,2,0
1.2669999999999713,7.411406611200789,0.06549287420518457,2,0
1.2679999999999712,7.41382991681191,0.06521878419411926,2,0
1.268999999999971,7.4162271515001725,0.0649476429566226,2,0
1.269999999999971,7.418598595747334,0.06467941876857033,2,0
1.2709999999999708,7.420944527017616,0.06441408024713954,2,0
1.2719999999999707,7.423265219790162,0.06415159634713655,2,0
1.2729999999999706,7.425560945591156,0.06389193635736473,2,0
1.2739999999999705,7.427831973025595,0.06363506989703131,2,0
1.2749999999999704,7.430078567808707,0.06338096691219253,2,0
1.2759999999999703,7.432300992797049,0.06312959767223737,2,0
1.2769999999999702,7.434499508019258,0.06288093276640906,2,0
1.27799999999997,7.436674370706477,0.06263494310036387,2,0
1.27899999999997,7.438825835322446,0.062391599892767005,2,0
1.2799999999999698,7.4409541535932835,0.06215087467192519,2,0
1.2809999999999697,7.443059574536932,0.061912739272455455,2,0
1.2819999999999696,7.445142344492296,0.06167716583198955,2,0
1.2829999999999695,7.447202707148064,0.06144412678791417,2,0
1.2839999999999694,7.449240903571225,0.061213594874145884,2,0
1.2849999999999693,7.4512571722352625,0.06098554311794119,2,0
1.2859999999999692,7.45325174904807,0.060759944836740486,2,0
1.286999999999969,7.455224867379544,0.06053677363504603,2,0
1.287999999999969,7.45717675808889,0.06031600340133388,2,0
1.2889999999999688,7.459107649551639,0.06009760830499867,2,0
1.2899999999999687,7.461017767686358,0.0598815627933312,2,0
1.2909999999999686,7.462907335981094,0.059667841588528996,2,0
1.2919999999999685,7.4647765755195135,0.05945641968473867,2,0
1.2929999999999684,7.466625705006775,0.05924727234513,2,0
1.2939999999999683,7.468454940795118,0.05904037509900189,2,0
1.2949999999999682,7.470264496909171,0.05883570373891916,2,0
1.295999999999968,7.472054585071001,0.058633234317880215,2,0
1.296999999999968,7.473825414724883,0.05843294314651515,2,0
1.2979999999999678,7.475577193061798,0.05823480679031409,2,0
1.2989999999999677,7.477310125043686,0.05803880206688537,2,0
1.2999999999999676,7.479024413427419,0.05784490604324299,2,0
1.3009999999999675,7.480720258788529,0.05765309603312355,2,0
1.3019999999999674,7.4823978595446725,0.057463349594331775,2,0
1.3029999999999673,7.484057411978846,0.05727564452611487,2,0
1.3039999999999672,7.4856991102623525,0.05708995886656484,2,0
1.304999999999967,7.487323146477522,0.056906270890049064,2,0
1.305999999999967,7.488929710640181,0.05672455910466815,2,0
1.3069999999999669,7.490518990721889,0.05654480224974147,2,0
1.3079999999999667,7.4920911726719295,0.05636697929331962,2,0
1.3089999999999666,7.493646440439065,0.05619106942972359,2,0
1.3099999999999665,7.495184975993063,0.05601705207711044,2,0
1.3109999999999664,7.496706959345986,0.05584490687506522,2,0
1.3119999999999663,7.49821256857325,0.05567461368221866,2,0
1.3129999999999662,7.499701979834463,0.05550615257389073,2,0
1.313999999999966,7.501175367394037,0.055339503839759316,2,0
1.314999999999966,7.502632903641572,0.05517464798155412,2,0
1.3159999999999659,7.504074759112032,0.05501156571077522,2,0
1.3169999999999658,7.505501102505694,0.054850237946436425,2,0
1.3179999999999656,7.506912100707889,0.054690645812832665,2,0
1.3189999999999655,7.5083079188085255,0.054532770637331515,2,0
1.3199999999999654,7.509688720121408,0.054376593948188355,2,0
1.3209999999999653,7.511054666203343,0.0542220974723853,2,0
1.3219999999999652,7.51240591687304,0.05406926313349313,2,0
1.322999999999965,7.513742630229816,0.05391807304955633,2,0
1.323999999999965,7.515064962672089,0.053768509531000805,2,0
1.3249999999999649,7.516373068915678,0.05362055507856421,2,0
1.3259999999999648,7.517667102011906,0.05347419238124856,2,0
1.3269999999999647,7.5189472133655055,0.053329404314294636,2,0
1.3279999999999645,7.520213552752335,0.05318617393717854,2,0
1.3289999999999644,7.521466268336901,0.05304448449162948,2,0
1.3299999999999643,7.522705506689698,0.05290431939966915,2,0
1.3309999999999642,7.5239314128043535,0.05276566226167188,2,0
1.331999999999964,7.525144130114592,0.052628496854445976,2,0
1.332999999999964,7.52634380051102,0.052492807129335524,2,0
1.3339999999999639,7.527530564357726,0.052358577210342705,2,0
1.3349999999999638,7.528704560508705,0.05222579139227026,2,0
1.3359999999999637,7.5298659263241,0.052094434138883934,2,0
1.3369999999999636,7.5310147976862805,0.05196449008109465,2,0
1.3379999999999634,7.5321513090157355,0.05183594401516036,2,0
1.3389999999999633,7.5332755932868025,0.051708780900907185,2,0
1.3399999999999632,7.534387782043227,0.051582985859969614,2,0
1.340999999999963,7.535488005413553,0.05145854417404978,2,0
1.341999999999963,7.536576392126347,0.051335441283195296,2,0
1.342999999999963,7.537653069525259,0.05121366278409578,2,0
1.3439999999999628,7.538718163583927,0.05109319442839763,2,0
1.3449999999999627,7.53977179892071,0.05097402212103689,2,0
1.3459999999999626,7.540814098813271,0.050856131918590126,2,0
1.3469999999999624,7.541845185213002,0.05073951002764301,2,0
1.3479999999999623,7.542865178759292,0.050624142803176495,2,0
1.3489999999999622,7.54387419879364,0.05051001674697029,2,0
1.3499999999999621,7.544872363373622,0.050397118506023464,2,0
1.350999999999962,7.545859789286699,0.05028543487099223,2,0
1.351999999999962,7.546836592063888,0.05017495277464442,2,0
1.3529999999999618,7.547802885993271,0.05006565929033045,2,0
1.3539999999999617,7.548758784133375,0.049957541630471114,2,0
1.3549999999999616,7.549704398326397,0.04985058714506109,2,0
1.3559999999999615,7.550639839211286,0.049744783320189175,2,0
1.3569999999999613,7.551565216236694,0.04964011777657397,2,0
1.3579999999999612,7.55248063767378,0.04953657826811547,2,0
1.3589999999999611,7.553386210628874,0.049434152680462265,2,0
1.359999999999961,7.554282041056015,0.04933282902959419,2,0
1.360999999999961,7.555168233769344,0.04923259546042005,2,0
1.3619999999999608,7.556044892455367,0.04913344024539072,2,0
1.3629999999999607,7.556912119685089,0.049035351783126783,2,0
1.3639999999999606,7.557770016926012,0.04893831859706128,2,0
1.3649999999999605,7.558618684554011,0.048842329334096934,2,0
1.3659999999999604,7.559458221865074,0.04874737276327777,2,0
1.3669999999999602,7.560288727086922,0.048653437774475054,2,0
1.3679999999999601,7.561110297390503,0.04856051337708746,2,0
1.36899999999996,7.561923028901358,0.04846858869875504,2,0
1.36999999999996,7.562727016710871,0.04837765298408728,2,0
1.3709999999999598,7.563522354887393,0.048287695593404414,2,0
1.3719999999999597,7.564309136487249,0.048198706001492904,2,0
1.3729999999999596,7.565087453565625,0.04811067379637379,2,0
1.3739999999999595,7.565857397187341,0.04802358867808441,2,0
1.3749999999999594,7.566619057437503,0.04793744045747341,2,0
1.3759999999999593,7.567372523432042,0.04785221905500851,2,0
1.3769999999999591,7.568117883328148,0.047767914499597226,2,0
1.377999999999959,7.568855224334575,0.0476845169274202,2,0
1.378999999999959,7.569584632721852,0.0476020165807771,2,0
1.3799999999999588,7.570306193832371,0.04752040380694495,2,0
1.3809999999999587,7.5710199920903785,0.04743966905704888,2,0
1.3819999999999586,7.571726111011849,0.04735980288494457,2,0
1.3829999999999585,7.572424633214256,0.04728079594611334,2,0
1.3839999999999584,7.573115640426243,0.04720263899656872,2,0
1.3849999999999583,7.573799213497181,0.047125322891774735,2,0
1.3859999999999582,7.574475432406629,0.04704883858557627,2,0
1.386999999999958,7.575144376273697,0.04697317712914041,2,0
1.387999999999958,7.575806123366295,0.04689832966990949,2,0
1.3889999999999578,7.576460751110296,0.04682428745056524,2,0
1.3899999999999577,7.577108336098592,0.04675104180800436,2,0
1.3909999999999576,7.577748954100059,0.046678584172324754,2,0
1.3919999999999575,7.578382680068421,0.046606906065822865,2,0
1.3929999999999574,7.579009588151015,0.0465359991020017,2,0
1.3939999999999573,7.579629751697475,0.0464658549845898,2,0
1.3949999999999572,7.580243243268305,0.04639646550657031,2,0
1.395999999999957,7.580850134643376,0.046327822549220916,2,0
1.396999999999957,7.581450496830322,0.04625991808116382,2,0
1.3979999999999568,7.582044400072844,0.04619274415742616,2,0
1.3989999999999567,7.582631913858934,0.04612629291851035,2,0
1.3999999999999566,7.583213106929006,0.046060556589474534,2,0
1.4009999999999565,7.583788047283932,0.04599552747902291,2,0
1.4019999999999564,7.584356802193006,0.04593119797860578,2,0
1.4029999999999563,7.584919438201809,0.045867560561529366,2,0
1.4039999999999562,7.585476021139999,0.04580460778207513,2,0
1.404999999999956,7.586026616129009,0.04574233227462877,2,0
1.405999999999956,7.58657128758967,0.04568072675281819,2,0
1.4069999999999558,7.587110099249747,0.04561978400866121,2,0
1.4079999999999557,7.587643114151397,0.04555949691172197,2,0
1.4089999999999556,7.5881703946585395,0.04549985840827687,2,0
1.4099999999999555,7.588692002464161,0.04544086152048915,2,0
1.4109999999999554,7.589207998597529,0.0453824993455925,2,0
1.4119999999999553,7.58971844343133,0.04532476505508342,2,0
1.4129999999999552,7.590223396688739,0.0452676518939223,2,0
1.413999999999955,7.590722917450402,0.04521115317974308,2,0
1.414999999999955,7.591217064161354,0.04515526230207121,2,0
1.4159999999999549,7.591705894637852,0.04509997272155045,2,0
1.4169999999999547,7.592189466074142,0.04504527796917772,2,0
1.4179999999999546,7.592667835049153,0.04499117164554601,2,0
1.4189999999999545,7.593141057533111,0.04493764742009583,2,0
1.4199999999999544,7.593609188894092,0.04488469903037449,2,0
1.4209999999999543,7.594072283904502,0.04483232028130334,2,0
1.4219999999999542,7.594530396747481,0.044780505044452946,2,0
1.422999999999954,7.594983581023244,0.04472924725732603,2,0
1.423999999999954,7.5954318897553526,0.044678540922648155,2,0
1.4249999999999539,7.59587537539692,0.04462838010766608,2,0
1.4259999999999537,7.596314089836747,0.04457875894345357,2,0
1.4269999999999536,7.596748084405393,0.04452967162422464,2,0
1.4279999999999535,7.59717740988118,0.04448111240665452,2,0
1.4289999999999534,7.59760211649614,0.044433075609207374,2,0
1.4299999999999533,7.598022253941886,0.044385555611471714,2,0
1.4309999999999532,7.598437871375426,0.04433854685350272,2,0
1.431999999999953,7.59884901742492,0.044292043835171824,2,0
1.432999999999953,7.599255740195365,0.04424604111552302,2,0
1.4339999999999529,7.599658087274224,0.04420053331213644,2,0
1.4349999999999528,7.600056105736995,0.04415551510049844,2,0
1.4359999999999526,7.600449842152717,0.044110981213378773,2,0
1.4369999999999525,7.600839342589421,0.04406692644021417,2,0
1.4379999999999524,7.601224652619521,0.04402334562649879,2,0
1.4389999999999523,7.601605817325142,0.04398023367318111,2,0
1.4399999999999522,7.601982881303396,0.043937585536067206,2,0
1.440999999999952,7.602355888671603,0.04389539622523081,2,0
1.441999999999952,7.602724883072449,0.0438536608044292,2,0
1.4429999999999519,7.603089907679095,0.04381237439052596,2,0
1.4439999999999518,7.6034510052002275,0.04377153215291938,2,0
1.4449999999999517,7.603808217885055,0.04373112931297735,2,0
1.4459999999999515,7.6041615875282496,0.04369116114347822,2,0
1.4469999999999514,7.6045111554748415,0.04365162296805787,2,0
1.4479999999999513,7.604856962625053,0.043612510160662386,2,0
1.4489999999999512,7.605199049439087,0.04357381814500679,2,0
1.449999999999951,7.605537455941857,0.04353554239403974,2,0
1.450999999999951,7.60587222172767,0.043497678429413655,2,0
1.4519999999999509,7.6062033859648635,0.04346022182096101,2,0
1.4529999999999508,7.606530987400385,0.04342316818617586,2,0
1.4539999999999507,7.606855064364328,0.04338651318970101,2,0
1.4549999999999506,7.607175654774412,0.04335025254282082,2,0
1.4559999999999504,7.607492796140426,0.04331438200295947,2,0
1.4569999999999503,7.60780652556861,0.04327889737318446,2,0
1.4579999999999502,7.608116879766,0.04324379450171565,2,0
1.4589999999999501,7.608423895044725,0.04320906928143944,2,0
1.45999999999995,7.608727607326249,0.04317471764942832,2,0
1.46099999999995,7.609028052145581,0.043140735586465466,2,0
1.4619999999999498,7.60932526465543,0.043107119116574354,2,0
1.4629999999999497,7.609619279630317,0.043073864306553654,2,0
1.4639999999999496,7.6099101314706425,0.04304096726551706,2,0
1.4649999999999495,7.610197854206716,0.04300842414443807,2,0
1.4659999999999493,7.610482481502734,0.042976231135699525,2,0
1.4669999999999492,7.6107640466607185,0.04294438447264832,2,0
1.4679999999999491,7.611042582624415,0.04291288042915436,2,0
1.468999999999949,7.611318121983148,0.04288171531917507,2,0
1.469999999999949,7.6115906969756315,0.04285088549632355,2,0
1.4709999999999488,7.611860339493742,0.042820387353442416,2,0
1.4719999999999487,7.61212708108625,0.042790217322181516,2,0
1.4729999999999486,7.612390952962513,0.04276037187258049,2,0
1.4739999999999485,7.612651985996122,0.04273084751265577,2,0
1.4749999999999484,7.61291021072852,0.042701640787991935,2,0
1.4759999999999482,7.613165657372572,0.04267274828133766,2,0
1.4769999999999481,7.6134183558160995,0.04264416661220576,2,0
1.477999999999948,7.613668335625379,0.04261589243647777,2,0
1.478999999999948,7.6139156260486,0.042587922446012665,2,0
1.4799999999999478,7.61416025601929,0.04256025336825967,2,0
1.4809999999999477,7.614402254159696,0.042532881965875555,2,0
1.4819999999999476,7.6146416487841355,0.04250580503634571,2,0
1.4829999999999475,7.614878467902309,0.04247901941160954,2,0
1.4839999999999474,7.615112739222576,0.042452521957689685,2,0
1.4849999999999473,7.615344490155199,0.04242630957432553,2,0
1.4859999999999471,7.615573747815551,0.04240037919461024,2,0
1.486999999999947,7.615800539027283,0.04237472778463204,2,0
1.487999999999947,7.616024890325471,0.04234935234311929,2,0
1.4889999999999468,7.616246827959709,0.04232424990108917,2,0
1.4899999999999467,7.616466377897194,0.04229941752150056,2,0
1.4909999999999466,7.6166835658257535,0.04227485229891007,2,0
1.4919999999999465,7.616898417156855,0.04225055135913233,2,0
1.4929999999999464,7.617110957028578,0.04222651185890372,2,0
1.4939999999999463,7.6173212103085595,0.042202730985549566,2,0
1.4949999999999461,7.617529201596897,0.04217920595665508,2,0
1.495999999999946,7.6177349552290305,0.04215593401973987,2,0
1.496999999999946,7.61793849527859,0.04213291245193592,2,0
1.4979999999999458,7.618139845560212,0.04211013855966887,2,0
1.4989999999999457,7.618339029632325,0.042087609678342935,2,0
1.4999999999999456,7.618536070799905,0.04206532317202929,2,0
